<?xml version="1.0" encoding="utf-8"?>
<COLLADA xmlns="http://www.collada.org/2005/11/COLLADASchema" version="1.4.1">
  <asset><contributor><author>Mixamo</author><authoring_tool>COLLADA Mixamo exporter</authoring_tool><comments></comments></contributor><created>2018-10-07T12:11:04Z</created><modified>2018-10-07T12:11:04Z</modified><revision></revision><title></title><unit meter="0.010000"/><up_axis>Y_UP</up_axis></asset>
  <library_animations>
    <animation id="mixamorig_Hips-anim" name="mixamorig_Hips"><source id="mixamorig_Hips-Matrix-animation-input"><float_array id="mixamorig_Hips-Matrix-animation-input-array" count="39">

0.000000 0.033333 0.066667 0.100000 0.133333 0.166667 0.200000 0.233333 0.266667 0.300000 0.333333 0.366667 0.400000 0.433333 0.466667 0.500000
0.533333 0.566667 0.600000 0.633333 0.666667 0.700000 0.733333 0.766667 0.800000 0.833333 0.866667 0.900000 0.933333 0.966667 1.000000 1.033333
1.066667 1.100000 1.133333 1.166667 1.200000 1.233333 1.266667</float_array><technique_common><accessor source="#mixamorig_Hips-Matrix-animation-input-array" count="39"><param name="TIME" type="float"/></accessor></technique_common></source><source id="mixamorig_Hips-Matrix-animation-output-transform"><float_array id="mixamorig_Hips-Matrix-animation-output-transform-array" count="624">

0.995911 -0.014273 0.089206 0.291680 0.006945 0.996614 0.081928 103.466377 -0.090074 -0.080973 0.992638 0.904359 0.000000 0.000000 0.000000 1.000000
0.996928 -0.002738 0.078271 0.558052 -0.004493 0.995743 0.092063 103.273148 -0.078190 -0.092132 0.992672 -2.023243 0.000000 0.000000 0.000000 1.000000
0.997461 0.002988 0.071150 0.898712 -0.009952 0.995164 0.097722 102.917320 -0.070514 -0.098182 0.992667 -5.104770 0.000000 0.000000 0.000000 1.000000
0.997863 0.006946 0.064964 1.251367 -0.013548 0.994719 0.101740 102.556839 -0.063915 -0.102402 0.992688 -8.226115 0.000000 0.000000 0.000000 1.000000
0.998184 0.008966 0.059575 1.595392 -0.015155 0.994435 0.104257 102.208412 -0.058308 -0.104970 0.992765 -11.377092 0.000000 0.000000 0.000000 1.000000
0.998443 0.007763 0.055245 1.923800 -0.013536 0.994390 0.104906 101.871689 -0.054120 -0.105490 0.992947 -14.561754 0.000000 0.000000 0.000000 1.000000
0.998634 0.004165 0.052093 2.227029 -0.009555 0.994568 0.103652 101.540550 -0.051378 -0.104008 0.993249 -17.781900 0.000000 0.000000 0.000000 1.000000
0.998566 -0.003936 0.053393 2.569128 -0.001232 0.995340 0.096419 101.084572 -0.053524 -0.096347 0.993908 -21.239305 0.000000 0.000000 0.000000 1.000000
0.998381 -0.012462 0.055492 2.883153 0.007537 0.996083 0.088102 100.478821 -0.056373 -0.087541 0.994565 -24.787043 0.000000 0.000000 0.000000 1.000000
0.998077 -0.021756 0.058046 3.195228 0.017128 0.996722 0.079069 99.816711 -0.059576 -0.077923 0.995178 -28.480724 0.000000 0.000000 0.000000 1.000000
0.997602 -0.034731 0.059874 3.515157 0.030522 0.997091 0.069843 99.238998 -0.062125 -0.067848 0.995760 -32.435287 0.000000 0.000000 0.000000 1.000000
0.997053 -0.051456 0.056901 3.824444 0.047820 0.996834 0.063521 99.075508 -0.059989 -0.060613 0.996357 -36.594723 0.000000 0.000000 0.000000 1.000000
0.996990 -0.063022 0.045158 4.147801 0.060252 0.996361 0.060278 99.167274 -0.048792 -0.057376 0.997160 -40.383232 0.000000 0.000000 0.000000 1.000000
0.997128 -0.068740 0.031793 4.448997 0.066836 0.996105 0.057520 99.693779 -0.035623 -0.055230 0.997838 -44.088104 0.000000 0.000000 0.000000 1.000000
0.997465 -0.067239 0.023279 4.710252 0.065721 0.995986 0.060761 100.805779 -0.027271 -0.059077 0.997881 -47.778770 0.000000 0.000000 0.000000 1.000000
0.997957 -0.060996 0.019000 4.906394 0.059620 0.996031 0.066092 101.857246 -0.022956 -0.064824 0.997633 -51.079891 0.000000 0.000000 0.000000 1.000000
0.998528 -0.052038 0.015320 5.059105 0.050834 0.996209 0.070597 102.886551 -0.018936 -0.069715 0.997387 -54.337650 0.000000 0.000000 0.000000 1.000000
0.998841 -0.046535 0.012333 5.042027 0.045521 0.996323 0.072578 103.517685 -0.015665 -0.071933 0.997286 -57.434082 0.000000 0.000000 0.000000 1.000000
0.998800 -0.047078 0.013480 4.827532 0.046002 0.996392 0.071322 103.469986 -0.016790 -0.070617 0.997362 -60.494823 0.000000 0.000000 0.000000 1.000000
0.998378 -0.054389 0.016841 4.514891 0.053074 0.996095 0.070547 103.008728 -0.020613 -0.069539 0.997366 -63.520958 0.000000 0.000000 0.000000 1.000000
0.997869 -0.061817 0.020902 4.147572 0.060241 0.995788 0.069115 102.362686 -0.025086 -0.067709 0.997390 -66.715538 0.000000 0.000000 0.000000 1.000000
0.997286 -0.069305 0.024861 3.850593 0.067491 0.995427 0.067606 101.726303 -0.029433 -0.065744 0.997402 -69.979782 0.000000 0.000000 0.000000 1.000000
0.996742 -0.075347 0.028763 3.618457 0.073341 0.995162 0.065376 101.131401 -0.033550 -0.063053 0.997446 -73.364380 0.000000 0.000000 0.000000 1.000000
0.996211 -0.080512 0.032901 3.455321 0.078324 0.994928 0.063115 100.636230 -0.037815 -0.060299 0.997464 -76.742569 0.000000 0.000000 0.000000 1.000000
0.995712 -0.084565 0.037494 3.321599 0.082201 0.994769 0.060647 100.223969 -0.042426 -0.057305 0.997455 -80.098030 0.000000 0.000000 0.000000 1.000000
0.995309 -0.086885 0.042549 3.197924 0.084366 0.994758 0.057778 99.905769 -0.047346 -0.053917 0.997422 -83.439011 0.000000 0.000000 0.000000 1.000000
0.995044 -0.087035 0.048077 3.049820 0.084403 0.994951 0.054305 99.688461 -0.052561 -0.049978 0.997366 -86.778412 0.000000 0.000000 0.000000 1.000000
0.994857 -0.086094 0.053354 2.893897 0.083472 0.995277 0.049561 99.442665 -0.057369 -0.044853 0.997345 -90.262466 0.000000 0.000000 0.000000 1.000000
0.995075 -0.081452 0.056499 2.583400 0.079122 0.995966 0.042316 99.042831 -0.059718 -0.037637 0.997506 -94.094971 0.000000 0.000000 0.000000 1.000000
0.996464 -0.063905 0.054544 1.949809 0.061945 0.997397 0.036896 98.598625 -0.056760 -0.033387 0.997829 -97.976334 0.000000 0.000000 0.000000 1.000000
0.998007 -0.040918 0.048044 1.315399 0.039071 0.998484 0.038775 98.469635 -0.049558 -0.036820 0.998092 -101.915222 0.000000 0.000000 0.000000 1.000000
0.998200 -0.030212 0.051800 0.926690 0.027765 0.998494 0.047326 98.613220 -0.053151 -0.045802 0.997536 -105.480499 0.000000 0.000000 0.000000 1.000000
0.997863 -0.020565 0.062024 0.608901 0.017240 0.998410 0.053673 99.313202 -0.063029 -0.052489 0.996630 -109.007584 0.000000 0.000000 0.000000 1.000000
0.997392 -0.012900 0.071018 0.361579 0.008725 0.998232 0.058786 100.153084 -0.071651 -0.058013 0.995741 -112.432564 0.000000 0.000000 0.000000 1.000000
0.997060 -0.012224 0.075639 0.217001 0.007266 0.997827 0.065479 101.108704 -0.076275 -0.064737 0.994983 -115.623466 0.000000 0.000000 0.000000 1.000000
0.996796 -0.016171 0.078335 0.134195 0.010488 0.997319 0.072422 102.166115 -0.079296 -0.071368 0.994293 -118.730164 0.000000 0.000000 0.000000 1.000000
0.996486 -0.019018 0.081566 0.101876 0.012650 0.996882 0.077888 103.076172 -0.082793 -0.076582 0.993620 -121.797737 0.000000 0.000000 0.000000 1.000000
0.996147 -0.017850 0.085865 0.181104 0.010974 0.996743 0.079897 103.377335 -0.087012 -0.078647 0.993098 -124.747231 0.000000 0.000000 0.000000 1.000000
0.995913 -0.014272 0.089181 0.291647 0.006945 0.996614 0.081928 103.466400 -0.090048 -0.080974 0.992640 -127.777611 0.000000 0.000000 0.000000 1.000000</float_array><technique_common><accessor source="#mixamorig_Hips-Matrix-animation-output-transform-array" count="39" stride="16"><param type="float4x4"/></accessor></technique_common></source><source id="mixamorig_Hips-Interpolations"><Name_array id="mixamorig_Hips-Interpolations-array" count="39">
 LINEAR LINEAR LINEAR LINEAR LINEAR LINEAR LINEAR LINEAR LINEAR LINEAR LINEAR
LINEAR LINEAR LINEAR LINEAR LINEAR LINEAR LINEAR LINEAR LINEAR LINEAR LINEAR LINEAR
LINEAR LINEAR LINEAR LINEAR LINEAR LINEAR LINEAR LINEAR LINEAR LINEAR LINEAR LINEAR
LINEAR LINEAR LINEAR LINEAR</Name_array><technique_common><accessor source="#mixamorig_Hips-Interpolations-array" count="39"><param type="name"/></accessor></technique_common></source><sampler id="mixamorig_Hips-Matrix-animation-transform"><input semantic="INPUT" source="#mixamorig_Hips-Matrix-animation-input"/><input semantic="OUTPUT" source="#mixamorig_Hips-Matrix-animation-output-transform"/><input semantic="INTERPOLATION" source="#mixamorig_Hips-Interpolations"/></sampler><channel source="#mixamorig_Hips-Matrix-animation-transform" target="mixamorig_Hips/matrix"/></animation>
    <animation id="mixamorig_Spine-anim" name="mixamorig_Spine"><source id="mixamorig_Spine-Matrix-animation-input"><float_array id="mixamorig_Spine-Matrix-animation-input-array" count="39">

0.000000 0.033333 0.066667 0.100000 0.133333 0.166667 0.200000 0.233333 0.266667 0.300000 0.333333 0.366667 0.400000 0.433333 0.466667 0.500000
0.533333 0.566667 0.600000 0.633333 0.666667 0.700000 0.733333 0.766667 0.800000 0.833333 0.866667 0.900000 0.933333 0.966667 1.000000 1.033333
1.066667 1.100000 1.133333 1.166667 1.200000 1.233333 1.266667</float_array><technique_common><accessor source="#mixamorig_Spine-Matrix-animation-input-array" count="39"><param name="TIME" type="float"/></accessor></technique_common></source><source id="mixamorig_Spine-Matrix-animation-output-transform"><float_array id="mixamorig_Spine-Matrix-animation-output-transform-array" count="624">

0.995316 -0.040764 -0.087662 -0.038100 0.026560 0.987165 -0.157481 9.490500 0.092956 0.154415 0.983623 -1.392100 0.000000 0.000000 0.000000 1.000000
0.994437 -0.056134 -0.089132 -0.038100 0.041131 0.985928 -0.162030 9.490500 0.096973 0.157463 0.982752 -1.392100 0.000000 0.000000 0.000000 1.000000
0.993569 -0.064976 -0.092731 -0.038100 0.049332 0.985557 -0.162001 9.490500 0.101918 0.156385 0.982424 -1.392100 0.000000 0.000000 0.000000 1.000000
0.992723 -0.070714 -0.097470 -0.038100 0.054669 0.985856 -0.158429 9.490500 0.107294 0.151947 0.982548 -1.392100 0.000000 0.000000 0.000000 1.000000
0.991899 -0.074620 -0.102805 -0.038100 0.058296 0.986424 -0.153526 9.490500 0.112866 0.146289 0.982782 -1.392100 0.000000 0.000000 0.000000 1.000000
0.991165 -0.075560 -0.109005 -0.038100 0.059034 0.987287 -0.147576 9.490500 0.118770 0.139837 0.983026 -1.392100 0.000000 0.000000 0.000000 1.000000
0.990375 -0.074574 -0.116601 -0.038100 0.057770 0.988268 -0.141384 9.490500 0.125776 0.133287 0.983064 -1.392100 0.000000 0.000000 0.000000 1.000000
0.989395 -0.070785 -0.126837 -0.038100 0.053577 0.989492 -0.134293 9.490500 0.135010 0.126073 0.982791 -1.392100 0.000000 0.000000 0.000000 1.000000
0.988364 -0.064799 -0.137612 -0.038100 0.047344 0.990832 -0.126529 9.490500 0.144550 0.118542 0.982371 -1.392100 0.000000 0.000000 0.000000 1.000000
0.987527 -0.053855 -0.147954 -0.038100 0.036707 0.992538 -0.116282 9.490500 0.153112 0.109401 0.982135 -1.392100 0.000000 0.000000 0.000000 1.000000
0.987841 -0.032372 -0.152058 -0.038100 0.015778 0.993906 -0.109092 9.490500 0.154663 0.105367 0.982332 -1.392100 0.000000 0.000000 0.000000 1.000000
0.989342 -0.008596 -0.145355 -0.038100 -0.007771 0.993716 -0.111660 9.490500 0.145402 0.111599 0.983058 -1.392100 0.000000 0.000000 0.000000 1.000000
0.991200 0.007411 -0.132163 -0.038100 -0.022987 0.992898 -0.116723 9.490500 0.130359 0.118734 0.984332 -1.392100 0.000000 0.000000 0.000000 1.000000
0.992944 0.015534 -0.117566 -0.038100 -0.030127 0.991901 -0.123387 9.490500 0.114697 0.126058 0.985370 -1.392100 0.000000 0.000000 0.000000 1.000000
0.994032 0.014096 -0.108175 -0.038100 -0.029328 0.989640 -0.140544 9.490500 0.105073 0.142878 0.984147 -1.392100 0.000000 0.000000 0.000000 1.000000
0.994571 0.006114 -0.103876 -0.038100 -0.023236 0.986114 -0.164435 9.490500 0.101428 0.165956 0.980903 -1.392100 0.000000 0.000000 0.000000 1.000000
0.994722 -0.004400 -0.102515 -0.038100 -0.013763 0.984331 -0.175793 9.490500 0.101682 0.176276 0.979075 -1.392100 0.000000 0.000000 0.000000 1.000000
0.994481 -0.009003 -0.104528 -0.038100 -0.009300 0.984824 -0.173304 9.490500 0.104502 0.173320 0.979306 -1.392100 0.000000 0.000000 0.000000 1.000000
0.994166 -0.005569 -0.107716 -0.038100 -0.012774 0.985560 -0.168847 9.490500 0.107101 0.169238 0.979739 -1.392100 0.000000 0.000000 0.000000 1.000000
0.993990 0.004650 -0.109373 -0.038100 -0.022713 0.986117 -0.164490 9.490500 0.107090 0.165986 0.980296 -1.392100 0.000000 0.000000 0.000000 1.000000
0.994256 0.015115 -0.105955 -0.038100 -0.032063 0.986575 -0.160129 9.490500 0.102112 0.162607 0.981393 -1.392100 0.000000 0.000000 0.000000 1.000000
0.994801 0.023417 -0.099110 -0.038100 -0.038762 0.987018 -0.155862 9.490500 0.094174 0.158893 0.982794 -1.392100 0.000000 0.000000 0.000000 1.000000
0.995265 0.030022 -0.092451 -0.038100 -0.043772 0.987641 -0.150498 9.490500 0.086790 0.153832 0.984278 -1.392100 0.000000 0.000000 0.000000 1.000000
0.995632 0.035323 -0.086421 -0.038100 -0.047600 0.988373 -0.144405 9.490500 0.080315 0.147888 0.985738 -1.392100 0.000000 0.000000 0.000000 1.000000
0.995936 0.039418 -0.080981 -0.038100 -0.050375 0.989142 -0.138059 9.490500 0.074660 0.141578 0.987108 -1.392100 0.000000 0.000000 0.000000 1.000000
0.996221 0.041656 -0.076215 -0.038100 -0.051461 0.989970 -0.131575 9.490500 0.069970 0.134999 0.988372 -1.392100 0.000000 0.000000 0.000000 1.000000
0.996518 0.041904 -0.072079 -0.038100 -0.050716 0.990843 -0.125133 9.490500 0.066176 0.128353 0.989518 -1.392100 0.000000 0.000000 0.000000 1.000000
0.996808 0.041171 -0.068403 -0.038100 -0.049118 0.991692 -0.118887 9.490500 0.062941 0.121867 0.990549 -1.392100 0.000000 0.000000 0.000000 1.000000
0.997265 0.037818 -0.063496 -0.038100 -0.044775 0.992700 -0.111994 9.490500 0.058797 0.114531 0.991678 -1.392100 0.000000 0.000000 0.000000 1.000000
0.998213 0.022209 -0.055484 -0.038100 -0.028158 0.993658 -0.108863 9.490500 0.052714 0.110231 0.992507 -1.392100 0.000000 0.000000 0.000000 1.000000
0.998839 0.001407 -0.048155 -0.038100 -0.006964 0.993293 -0.115415 9.490500 0.047669 0.115616 0.992149 -1.392100 0.000000 0.000000 0.000000 1.000000
0.998667 -0.010858 -0.050455 -0.038100 0.004478 0.992161 -0.124889 9.490500 0.051415 0.124497 0.990887 -1.392100 0.000000 0.000000 0.000000 1.000000
0.997973 -0.022445 -0.059552 -0.038100 0.014239 0.990770 -0.134805 9.490500 0.062028 0.133684 0.989081 -1.392100 0.000000 0.000000 0.000000 1.000000
0.997223 -0.031744 -0.067376 -0.038100 0.021753 0.989316 -0.144153 9.490500 0.071232 0.142287 0.987259 -1.392100 0.000000 0.000000 0.000000 1.000000
0.996771 -0.034114 -0.072686 -0.038100 0.022737 0.988125 -0.151964 9.490500 0.077007 0.149820 0.985710 -1.392100 0.000000 0.000000 0.000000 1.000000
0.996530 -0.031579 -0.077011 -0.038100 0.019019 0.987147 -0.158676 9.490500 0.081032 0.156661 0.984323 -1.392100 0.000000 0.000000 0.000000 1.000000
0.996222 -0.030910 -0.081160 -0.038100 0.017445 0.986695 -0.161641 9.490500 0.085077 0.159614 0.983507 -1.392100 0.000000 0.000000 0.000000 1.000000
0.995833 -0.034382 -0.084464 -0.038100 0.020512 0.986919 -0.159905 9.490500 0.088857 0.157506 0.983512 -1.392100 0.000000 0.000000 0.000000 1.000000
0.995316 -0.040764 -0.087662 -0.038100 0.026560 0.987165 -0.157481 9.490500 0.092956 0.154415 0.983624 -1.392100 0.000000 0.000000 0.000000 1.000000</float_array><technique_common><accessor source="#mixamorig_Spine-Matrix-animation-output-transform-array" count="39" stride="16"><param type="float4x4"/></accessor></technique_common></source><source id="mixamorig_Spine-Interpolations"><Name_array id="mixamorig_Spine-Interpolations-array" count="39">
 LINEAR LINEAR LINEAR LINEAR LINEAR LINEAR LINEAR LINEAR LINEAR LINEAR LINEAR
LINEAR LINEAR LINEAR LINEAR LINEAR LINEAR LINEAR LINEAR LINEAR LINEAR LINEAR LINEAR
LINEAR LINEAR LINEAR LINEAR LINEAR LINEAR LINEAR LINEAR LINEAR LINEAR LINEAR LINEAR
LINEAR LINEAR LINEAR LINEAR</Name_array><technique_common><accessor source="#mixamorig_Spine-Interpolations-array" count="39"><param type="name"/></accessor></technique_common></source><sampler id="mixamorig_Spine-Matrix-animation-transform"><input semantic="INPUT" source="#mixamorig_Spine-Matrix-animation-input"/><input semantic="OUTPUT" source="#mixamorig_Spine-Matrix-animation-output-transform"/><input semantic="INTERPOLATION" source="#mixamorig_Spine-Interpolations"/></sampler><channel source="#mixamorig_Spine-Matrix-animation-transform" target="mixamorig_Spine/matrix"/></animation>
    <animation id="mixamorig_Spine1-anim" name="mixamorig_Spine1"><source id="mixamorig_Spine1-Matrix-animation-input"><float_array id="mixamorig_Spine1-Matrix-animation-input-array" count="39">

0.000000 0.033333 0.066667 0.100000 0.133333 0.166667 0.200000 0.233333 0.266667 0.300000 0.333333 0.366667 0.400000 0.433333 0.466667 0.500000
0.533333 0.566667 0.600000 0.633333 0.666667 0.700000 0.733333 0.766667 0.800000 0.833333 0.866667 0.900000 0.933333 0.966667 1.000000 1.033333
1.066667 1.100000 1.133333 1.166667 1.200000 1.233333 1.266667</float_array><technique_common><accessor source="#mixamorig_Spine1-Matrix-animation-input-array" count="39"><param name="TIME" type="float"/></accessor></technique_common></source><source id="mixamorig_Spine1-Matrix-animation-output-transform"><float_array id="mixamorig_Spine1-Matrix-animation-output-transform-array" count="624">

0.999362 0.024949 -0.025563 -0.044200 -0.026221 0.998371 -0.050680 11.072300 0.024257 0.051318 0.998388 -1.624100 0.000000 0.000000 0.000000 1.000000
0.999403 0.022492 -0.026219 -0.044200 -0.023809 0.998414 -0.051024 11.072300 0.025029 0.051618 0.998353 -1.624100 0.000000 0.000000 0.000000 1.000000
0.999418 0.020534 -0.027227 -0.044200 -0.021906 0.998455 -0.051074 11.072300 0.026136 0.051640 0.998324 -1.624100 0.000000 0.000000 0.000000 1.000000
0.999414 0.019067 -0.028440 -0.044200 -0.020495 0.998499 -0.050788 11.072300 0.027429 0.051341 0.998304 -1.624100 0.000000 0.000000 0.000000 1.000000
0.999395 0.017867 -0.029823 -0.044200 -0.019355 0.998543 -0.050373 11.072300 0.028880 0.050920 0.998285 -1.624100 0.000000 0.000000 0.000000 1.000000
0.999361 0.016966 -0.031456 -0.044200 -0.018522 0.998583 -0.049879 11.072300 0.030565 0.050430 0.998260 -1.624100 0.000000 0.000000 0.000000 1.000000
0.999300 0.016480 -0.033571 -0.044200 -0.018127 0.998617 -0.049348 11.072300 0.032712 0.049922 0.998217 -1.624100 0.000000 0.000000 0.000000 1.000000
0.999191 0.016852 -0.036515 -0.044200 -0.018628 0.998632 -0.048853 11.072300 0.035642 0.049494 0.998138 -1.624100 0.000000 0.000000 0.000000 1.000000
0.999059 0.017753 -0.039564 -0.044200 -0.019675 0.998618 -0.048733 11.072300 0.038645 0.049466 0.998028 -1.624100 0.000000 0.000000 0.000000 1.000000
0.998917 0.019349 -0.042314 -0.044200 -0.021440 0.998543 -0.049525 11.072300 0.041295 0.050379 0.997876 -1.624100 0.000000 0.000000 0.000000 1.000000
0.998833 0.022032 -0.042983 -0.044200 -0.024258 0.998354 -0.051965 11.072300 0.041767 0.052947 0.997723 -1.624100 0.000000 0.000000 0.000000 1.000000
0.998864 0.025077 -0.040530 -0.044200 -0.027315 0.998078 -0.055622 11.072300 0.039057 0.056666 0.997629 -1.624100 0.000000 0.000000 0.000000 1.000000
0.998964 0.027212 -0.036466 -0.044200 -0.029338 0.997822 -0.059089 11.072300 0.034779 0.060098 0.997586 -1.624100 0.000000 0.000000 0.000000 1.000000
0.999088 0.028090 -0.032155 -0.044200 -0.030015 0.997683 -0.061058 11.072300 0.030365 0.061967 0.997616 -1.624100 0.000000 0.000000 0.000000 1.000000
0.999188 0.027557 -0.029407 -0.044200 -0.029295 0.997742 -0.060435 11.072300 0.027675 0.061247 0.997739 -1.624100 0.000000 0.000000 0.000000 1.000000
0.999269 0.025950 -0.028074 -0.044200 -0.027487 0.998063 -0.055816 11.072300 0.026571 0.056547 0.998046 -1.624100 0.000000 0.000000 0.000000 1.000000
0.999316 0.024300 -0.027876 -0.044200 -0.025742 0.998283 -0.052620 11.072300 0.026549 0.053302 0.998225 -1.624100 0.000000 0.000000 0.000000 1.000000
0.999326 0.023069 -0.028568 -0.044200 -0.024534 0.998343 -0.052047 11.072300 0.027320 0.052712 0.998236 -1.624100 0.000000 0.000000 0.000000 1.000000
0.999304 0.022983 -0.029390 -0.044200 -0.024457 0.998409 -0.050813 11.072300 0.028176 0.051497 0.998276 -1.624100 0.000000 0.000000 0.000000 1.000000
0.999264 0.024281 -0.029689 -0.044200 -0.025739 0.998429 -0.049768 11.072300 0.028434 0.050496 0.998319 -1.624100 0.000000 0.000000 0.000000 1.000000
0.999257 0.025769 -0.028677 -0.044200 -0.027153 0.998432 -0.048959 11.072300 0.027370 0.049701 0.998389 -1.624100 0.000000 0.000000 0.000000 1.000000
0.999274 0.026961 -0.026916 -0.044200 -0.028238 0.998436 -0.048246 11.072300 0.025573 0.048971 0.998473 -1.624100 0.000000 0.000000 0.000000 1.000000
0.999286 0.028027 -0.025342 -0.044200 -0.029207 0.998446 -0.047453 11.072300 0.023972 0.048160 0.998552 -1.624100 0.000000 0.000000 0.000000 1.000000
0.999290 0.029069 -0.023972 -0.044200 -0.030162 0.998459 -0.046576 11.072300 0.022581 0.047266 0.998627 -1.624100 0.000000 0.000000 0.000000 1.000000
0.999291 0.030055 -0.022688 -0.044200 -0.031067 0.998473 -0.045688 11.072300 0.021280 0.046360 0.998698 -1.624100 0.000000 0.000000 0.000000 1.000000
0.999292 0.030875 -0.021501 -0.044200 -0.031813 0.998490 -0.044789 11.072300 0.020086 0.045441 0.998765 -1.624100 0.000000 0.000000 0.000000 1.000000
0.999297 0.031482 -0.020365 -0.044200 -0.032354 0.998508 -0.043991 11.072300 0.018949 0.044619 0.998824 -1.624100 0.000000 0.000000 0.000000 1.000000
0.999314 0.031610 -0.019284 -0.044200 -0.032421 0.998538 -0.043262 11.072300 0.017889 0.043858 0.998878 -1.624100 0.000000 0.000000 0.000000 1.000000
0.999366 0.030746 -0.017930 -0.044200 -0.031498 0.998566 -0.043280 11.072300 0.016574 0.043817 0.998902 -1.624100 0.000000 0.000000 0.000000 1.000000
0.999491 0.027629 -0.015946 -0.044200 -0.028343 0.998520 -0.046425 11.072300 0.014640 0.046853 0.998794 -1.624100 0.000000 0.000000 0.000000 1.000000
0.999620 0.023638 -0.014164 -0.044200 -0.024334 0.998392 -0.051195 11.072300 0.012931 0.051521 0.998588 -1.624100 0.000000 0.000000 0.000000 1.000000
0.999660 0.021373 -0.014944 -0.044200 -0.022172 0.998210 -0.055550 11.072300 0.013730 0.055863 0.998344 -1.624100 0.000000 0.000000 0.000000 1.000000
0.999640 0.020108 -0.017749 -0.044200 -0.021100 0.998118 -0.057581 11.072300 0.016557 0.057935 0.998183 -1.624100 0.000000 0.000000 0.000000 1.000000
0.999597 0.019851 -0.020280 -0.044200 -0.020987 0.998129 -0.057421 11.072300 0.019102 0.057823 0.998144 -1.624100 0.000000 0.000000 0.000000 1.000000
0.999536 0.021197 -0.021895 -0.044200 -0.022399 0.998169 -0.056185 11.072300 0.020664 0.056649 0.998180 -1.624100 0.000000 0.000000 0.000000 1.000000
0.999459 0.023469 -0.023032 -0.044200 -0.024685 0.998235 -0.054020 11.072300 0.021724 0.054559 0.998274 -1.624100 0.000000 0.000000 0.000000 1.000000
0.999393 0.025219 -0.024041 -0.044200 -0.026446 0.998289 -0.052145 11.072300 0.022685 0.052749 0.998350 -1.624100 0.000000 0.000000 0.000000 1.000000
0.999367 0.025525 -0.024797 -0.044200 -0.026768 0.998331 -0.051172 11.072300 0.023449 0.051804 0.998382 -1.624100 0.000000 0.000000 0.000000 1.000000
0.999362 0.024949 -0.025563 -0.044200 -0.026221 0.998371 -0.050680 11.072300 0.024257 0.051318 0.998388 -1.624100 0.000000 0.000000 0.000000 1.000000</float_array><technique_common><accessor source="#mixamorig_Spine1-Matrix-animation-output-transform-array" count="39" stride="16"><param type="float4x4"/></accessor></technique_common></source><source id="mixamorig_Spine1-Interpolations"><Name_array id="mixamorig_Spine1-Interpolations-array" count="39">
 LINEAR LINEAR LINEAR LINEAR LINEAR LINEAR LINEAR LINEAR LINEAR LINEAR LINEAR
LINEAR LINEAR LINEAR LINEAR LINEAR LINEAR LINEAR LINEAR LINEAR LINEAR LINEAR LINEAR
LINEAR LINEAR LINEAR LINEAR LINEAR LINEAR LINEAR LINEAR LINEAR LINEAR LINEAR LINEAR
LINEAR LINEAR LINEAR LINEAR</Name_array><technique_common><accessor source="#mixamorig_Spine1-Interpolations-array" count="39"><param type="name"/></accessor></technique_common></source><sampler id="mixamorig_Spine1-Matrix-animation-transform"><input semantic="INPUT" source="#mixamorig_Spine1-Matrix-animation-input"/><input semantic="OUTPUT" source="#mixamorig_Spine1-Matrix-animation-output-transform"/><input semantic="INTERPOLATION" source="#mixamorig_Spine1-Interpolations"/></sampler><channel source="#mixamorig_Spine1-Matrix-animation-transform" target="mixamorig_Spine1/matrix"/></animation>
    <animation id="mixamorig_Spine2-anim" name="mixamorig_Spine2"><source id="mixamorig_Spine2-Matrix-animation-input"><float_array id="mixamorig_Spine2-Matrix-animation-input-array" count="39">

0.000000 0.033333 0.066667 0.100000 0.133333 0.166667 0.200000 0.233333 0.266667 0.300000 0.333333 0.366667 0.400000 0.433333 0.466667 0.500000
0.533333 0.566667 0.600000 0.633333 0.666667 0.700000 0.733333 0.766667 0.800000 0.833333 0.866667 0.900000 0.933333 0.966667 1.000000 1.033333
1.066667 1.100000 1.133333 1.166667 1.200000 1.233333 1.266667</float_array><technique_common><accessor source="#mixamorig_Spine2-Matrix-animation-input-array" count="39"><param name="TIME" type="float"/></accessor></technique_common></source><source id="mixamorig_Spine2-Matrix-animation-output-transform"><float_array id="mixamorig_Spine2-Matrix-animation-output-transform-array" count="624">

0.999405 0.024428 -0.024350 -0.050500 -0.025651 0.998358 -0.051220 12.654000 0.023058 0.051814 0.998391 -1.856100 0.000000 0.000000 0.000000 1.000000
0.999447 0.021959 -0.024986 -0.050500 -0.023225 0.998399 -0.051571 12.654000 0.023814 0.052122 0.998357 -1.856100 0.000000 0.000000 0.000000 1.000000
0.999462 0.019982 -0.025991 -0.050500 -0.021304 0.998439 -0.051623 12.654000 0.024919 0.052149 0.998328 -1.856100 0.000000 0.000000 0.000000 1.000000
0.999459 0.018493 -0.027203 -0.050500 -0.019872 0.998484 -0.051338 12.654000 0.026213 0.051851 0.998311 -1.856100 0.000000 0.000000 0.000000 1.000000
0.999442 0.017270 -0.028585 -0.050500 -0.018710 0.998527 -0.050924 12.654000 0.027663 0.051430 0.998293 -1.856100 0.000000 0.000000 0.000000 1.000000
0.999410 0.016343 -0.030215 -0.050500 -0.017854 0.998568 -0.050429 12.654000 0.029348 0.050939 0.998270 -1.856100 0.000000 0.000000 0.000000 1.000000
0.999352 0.015830 -0.032324 -0.050500 -0.017432 0.998602 -0.049898 12.654000 0.031489 0.050429 0.998231 -1.856100 0.000000 0.000000 0.000000 1.000000
0.999248 0.016168 -0.035255 -0.050500 -0.017901 0.998618 -0.049403 12.654000 0.034408 0.049997 0.998156 -1.856100 0.000000 0.000000 0.000000 1.000000
0.999121 0.017041 -0.038296 -0.050500 -0.018921 0.998605 -0.049286 12.654000 0.037403 0.049967 0.998050 -1.856100 0.000000 0.000000 0.000000 1.000000
0.998983 0.018624 -0.041056 -0.050500 -0.020674 0.998531 -0.050088 12.654000 0.040063 0.050886 0.997901 -1.856100 0.000000 0.000000 0.000000 1.000000
0.998900 0.021329 -0.041755 -0.050500 -0.023513 0.998342 -0.052545 12.654000 0.040565 0.053469 0.997745 -1.856100 0.000000 0.000000 0.000000 1.000000
0.998929 0.024417 -0.039314 -0.050500 -0.026608 0.998064 -0.056215 12.654000 0.037865 0.057200 0.997644 -1.856100 0.000000 0.000000 0.000000 1.000000
0.999025 0.026590 -0.035235 -0.050500 -0.028663 0.997806 -0.059674 12.654000 0.033571 0.060626 0.997596 -1.856100 0.000000 0.000000 0.000000 1.000000
0.999144 0.027495 -0.030918 -0.050500 -0.029362 0.997667 -0.061624 12.654000 0.029151 0.062479 0.997620 -1.856100 0.000000 0.000000 0.000000 1.000000
0.999239 0.026977 -0.028186 -0.050500 -0.028657 0.997727 -0.060985 12.654000 0.026476 0.061747 0.997741 -1.856100 0.000000 0.000000 0.000000 1.000000
0.999316 0.025386 -0.026883 -0.050500 -0.026870 0.998049 -0.056362 12.654000 0.025399 0.057046 0.998048 -1.856100 0.000000 0.000000 0.000000 1.000000
0.999362 0.023742 -0.026670 -0.050500 -0.025135 0.998269 -0.053166 12.654000 0.025362 0.053802 0.998229 -1.856100 0.000000 0.000000 0.000000 1.000000
0.999373 0.022499 -0.027337 -0.050500 -0.023914 0.998330 -0.052594 12.654000 0.026108 0.053215 0.998242 -1.856100 0.000000 0.000000 0.000000 1.000000
0.999352 0.022401 -0.028158 -0.050500 -0.023827 0.998396 -0.051363 12.654000 0.026962 0.052000 0.998283 -1.856100 0.000000 0.000000 0.000000 1.000000
0.999314 0.023697 -0.028459 -0.050500 -0.025109 0.998417 -0.050320 12.654000 0.027222 0.051000 0.998328 -1.856100 0.000000 0.000000 0.000000 1.000000
0.999305 0.025201 -0.027456 -0.050500 -0.026539 0.998421 -0.049508 12.654000 0.026165 0.050202 0.998396 -1.856100 0.000000 0.000000 0.000000 1.000000
0.999320 0.026418 -0.025706 -0.050500 -0.027650 0.998426 -0.048787 12.654000 0.024377 0.049465 0.998478 -1.856100 0.000000 0.000000 0.000000 1.000000
0.999330 0.027505 -0.024142 -0.050500 -0.028640 0.998437 -0.047986 12.654000 0.022785 0.048645 0.998556 -1.856100 0.000000 0.000000 0.000000 1.000000
0.999332 0.028565 -0.022783 -0.050500 -0.029613 0.998451 -0.047100 12.654000 0.021402 0.047744 0.998630 -1.856100 0.000000 0.000000 0.000000 1.000000
0.999331 0.029566 -0.021510 -0.050500 -0.030535 0.998465 -0.046203 12.654000 0.020110 0.046829 0.998700 -1.856100 0.000000 0.000000 0.000000 1.000000
0.999331 0.030400 -0.020333 -0.050500 -0.031296 0.998483 -0.045296 12.654000 0.018926 0.045902 0.998767 -1.856100 0.000000 0.000000 0.000000 1.000000
0.999334 0.031020 -0.019207 -0.050500 -0.031849 0.998502 -0.044491 12.654000 0.017798 0.045073 0.998825 -1.856100 0.000000 0.000000 0.000000 1.000000
0.999350 0.031158 -0.018139 -0.050500 -0.031927 0.998532 -0.043757 12.654000 0.016749 0.044308 0.998878 -1.856100 0.000000 0.000000 0.000000 1.000000
0.999400 0.030302 -0.016792 -0.050500 -0.031012 0.998560 -0.043773 12.654000 0.015442 0.044267 0.998900 -1.856100 0.000000 0.000000 0.000000 1.000000
0.999521 0.027187 -0.014801 -0.050500 -0.027855 0.998510 -0.046926 12.654000 0.013503 0.047316 0.998789 -1.856100 0.000000 0.000000 0.000000 1.000000
0.999646 0.023199 -0.013023 -0.050500 -0.023843 0.998377 -0.051717 12.654000 0.011802 0.052009 0.998577 -1.856100 0.000000 0.000000 0.000000 1.000000
0.999686 0.020923 -0.013806 -0.050500 -0.021666 0.998191 -0.056082 12.654000 0.012608 0.056363 0.998331 -1.856100 0.000000 0.000000 0.000000 1.000000
0.999669 0.019640 -0.016604 -0.050500 -0.020574 0.998098 -0.058115 12.654000 0.015431 0.058437 0.998172 -1.856100 0.000000 0.000000 0.000000 1.000000
0.999629 0.019371 -0.019128 -0.050500 -0.020450 0.998110 -0.057955 12.654000 0.017970 0.058324 0.998136 -1.856100 0.000000 0.000000 0.000000 1.000000
0.999571 0.020709 -0.020731 -0.050500 -0.021856 0.998151 -0.056717 12.654000 0.019518 0.057146 0.998175 -1.856100 0.000000 0.000000 0.000000 1.000000
0.999497 0.022978 -0.021853 -0.050500 -0.024142 0.998219 -0.054553 12.654000 0.020560 0.055053 0.998272 -1.856100 0.000000 0.000000 0.000000 1.000000
0.999433 0.024722 -0.022848 -0.050500 -0.025897 0.998276 -0.052679 12.654000 0.021506 0.053241 0.998350 -1.856100 0.000000 0.000000 0.000000 1.000000
0.999409 0.025017 -0.023592 -0.050500 -0.026210 0.998318 -0.051709 12.654000 0.022259 0.052297 0.998383 -1.856100 0.000000 0.000000 0.000000 1.000000
0.999405 0.024428 -0.024350 -0.050500 -0.025651 0.998358 -0.051220 12.654000 0.023058 0.051814 0.998390 -1.856100 0.000000 0.000000 0.000000 1.000000</float_array><technique_common><accessor source="#mixamorig_Spine2-Matrix-animation-output-transform-array" count="39" stride="16"><param type="float4x4"/></accessor></technique_common></source><source id="mixamorig_Spine2-Interpolations"><Name_array id="mixamorig_Spine2-Interpolations-array" count="39">
 LINEAR LINEAR LINEAR LINEAR LINEAR LINEAR LINEAR LINEAR LINEAR LINEAR LINEAR
LINEAR LINEAR LINEAR LINEAR LINEAR LINEAR LINEAR LINEAR LINEAR LINEAR LINEAR LINEAR
LINEAR LINEAR LINEAR LINEAR LINEAR LINEAR LINEAR LINEAR LINEAR LINEAR LINEAR LINEAR
LINEAR LINEAR LINEAR LINEAR</Name_array><technique_common><accessor source="#mixamorig_Spine2-Interpolations-array" count="39"><param type="name"/></accessor></technique_common></source><sampler id="mixamorig_Spine2-Matrix-animation-transform"><input semantic="INPUT" source="#mixamorig_Spine2-Matrix-animation-input"/><input semantic="OUTPUT" source="#mixamorig_Spine2-Matrix-animation-output-transform"/><input semantic="INTERPOLATION" source="#mixamorig_Spine2-Interpolations"/></sampler><channel source="#mixamorig_Spine2-Matrix-animation-transform" target="mixamorig_Spine2/matrix"/></animation>
    <animation id="mixamorig_Neck-anim" name="mixamorig_Neck"><source id="mixamorig_Neck-Matrix-animation-input"><float_array id="mixamorig_Neck-Matrix-animation-input-array" count="39">

0.000000 0.033333 0.066667 0.100000 0.133333 0.166667 0.200000 0.233333 0.266667 0.300000 0.333333 0.366667 0.400000 0.433333 0.466667 0.500000
0.533333 0.566667 0.600000 0.633333 0.666667 0.700000 0.733333 0.766667 0.800000 0.833333 0.866667 0.900000 0.933333 0.966667 1.000000 1.033333
1.066667 1.100000 1.133333 1.166667 1.200000 1.233333 1.266667</float_array><technique_common><accessor source="#mixamorig_Neck-Matrix-animation-input-array" count="39"><param name="TIME" type="float"/></accessor></technique_common></source><source id="mixamorig_Neck-Matrix-animation-output-transform"><float_array id="mixamorig_Neck-Matrix-animation-output-transform-array" count="624">

0.998344 -0.056460 -0.011043 -0.056900 0.056522 0.998387 0.005437 14.235800 0.010718 -0.006052 0.999924 -2.088100 0.000000 0.000000 0.000000 1.000000
0.998312 -0.057071 -0.010745 -0.056900 0.057126 0.998355 0.004877 14.235800 0.010449 -0.005483 0.999930 -2.088100 0.000000 0.000000 0.000000 1.000000
0.998271 -0.057945 -0.009829 -0.056900 0.057995 0.998304 0.004966 14.235800 0.009525 -0.005528 0.999939 -2.088100 0.000000 0.000000 0.000000 1.000000
0.998241 -0.058566 -0.009237 -0.056900 0.058605 0.998273 0.004070 14.235800 0.008983 -0.004605 0.999949 -2.088100 0.000000 0.000000 0.000000 1.000000
0.998231 -0.058801 -0.008816 -0.056900 0.058826 0.998265 0.002603 14.235800 0.008647 -0.003117 0.999958 -2.088100 0.000000 0.000000 0.000000 1.000000
0.998233 -0.058867 -0.008156 -0.056900 0.058882 0.998264 0.001684 14.235800 0.008043 -0.002161 0.999965 -2.088100 0.000000 0.000000 0.000000 1.000000
0.998238 -0.058891 -0.007294 -0.056900 0.058901 0.998263 0.001197 14.235800 0.007211 -0.001624 0.999973 -2.088100 0.000000 0.000000 0.000000 1.000000
0.998239 -0.058988 -0.006337 -0.056900 0.058995 0.998258 0.000905 14.235800 0.006272 -0.001278 0.999980 -2.088100 0.000000 0.000000 0.000000 1.000000
0.998227 -0.059275 -0.005425 -0.056900 0.059280 0.998241 0.000864 14.235800 0.005364 -0.001184 0.999985 -2.088100 0.000000 0.000000 0.000000 1.000000
0.998186 -0.060032 -0.004636 -0.056900 0.060038 0.998195 0.001118 14.235800 0.004561 -0.001394 0.999989 -2.088100 0.000000 0.000000 0.000000 1.000000
0.998121 -0.061108 -0.004566 -0.056900 0.061120 0.998127 0.002552 14.235800 0.004401 -0.002826 0.999986 -2.088100 0.000000 0.000000 0.000000 1.000000
0.998081 -0.061675 -0.005442 -0.056900 0.061700 0.998084 0.004629 14.235800 0.005147 -0.004956 0.999974 -2.088100 0.000000 0.000000 0.000000 1.000000
0.998135 -0.060707 -0.006377 -0.056900 0.060744 0.998137 0.005786 14.235800 0.006014 -0.006162 0.999963 -2.088100 0.000000 0.000000 0.000000 1.000000
0.998235 -0.058963 -0.007118 -0.056900 0.059007 0.998238 0.006207 14.235800 0.006739 -0.006616 0.999955 -2.088100 0.000000 0.000000 0.000000 1.000000
0.998306 -0.057685 -0.007546 -0.056900 0.057735 0.998311 0.006498 14.235800 0.007158 -0.006923 0.999950 -2.088100 0.000000 0.000000 0.000000 1.000000
0.998331 -0.057219 -0.007815 -0.056900 0.057268 0.998339 0.006236 14.235800 0.007445 -0.006673 0.999950 -2.088100 0.000000 0.000000 0.000000 1.000000
0.998290 -0.057920 -0.007933 -0.056900 0.057963 0.998305 0.005250 14.235800 0.007616 -0.005701 0.999955 -2.088100 0.000000 0.000000 0.000000 1.000000
0.998248 -0.058658 -0.007726 -0.056900 0.058693 0.998266 0.004422 14.235800 0.007453 -0.004868 0.999960 -2.088100 0.000000 0.000000 0.000000 1.000000
0.998212 -0.059288 -0.007550 -0.056900 0.059325 0.998227 0.004764 14.235800 0.007254 -0.005203 0.999960 -2.088100 0.000000 0.000000 0.000000 1.000000
0.998190 -0.059672 -0.007507 -0.056900 0.059716 0.998199 0.005677 14.235800 0.007154 -0.006115 0.999956 -2.088100 0.000000 0.000000 0.000000 1.000000
0.998206 -0.059357 -0.007806 -0.056900 0.059406 0.998214 0.006246 14.235800 0.007421 -0.006699 0.999950 -2.088100 0.000000 0.000000 0.000000 1.000000
0.998223 -0.058966 -0.008597 -0.056900 0.059024 0.998235 0.006586 14.235800 0.008194 -0.007082 0.999941 -2.088100 0.000000 0.000000 0.000000 1.000000
0.998239 -0.058528 -0.009664 -0.056900 0.058595 0.998259 0.006793 14.235800 0.009249 -0.007347 0.999930 -2.088100 0.000000 0.000000 0.000000 1.000000
0.998249 -0.058173 -0.010746 -0.056900 0.058248 0.998279 0.006857 14.235800 0.010329 -0.007471 0.999919 -2.088100 0.000000 0.000000 0.000000 1.000000
0.998251 -0.057958 -0.011673 -0.056900 0.058040 0.998291 0.006863 14.235800 0.011255 -0.007528 0.999908 -2.088100 0.000000 0.000000 0.000000 1.000000
0.998234 -0.058166 -0.012031 -0.056900 0.058250 0.998280 0.006704 14.235800 0.011620 -0.007393 0.999905 -2.088100 0.000000 0.000000 0.000000 1.000000
0.998212 -0.058561 -0.011969 -0.056900 0.058638 0.998260 0.006228 14.235800 0.011584 -0.006919 0.999909 -2.088100 0.000000 0.000000 0.000000 1.000000
0.998195 -0.058753 -0.012443 -0.056900 0.058832 0.998250 0.006020 14.235800 0.012067 -0.006741 0.999904 -2.088100 0.000000 0.000000 0.000000 1.000000
0.998192 -0.058642 -0.013196 -0.056900 0.058728 0.998254 0.006250 14.235800 0.012806 -0.007013 0.999893 -2.088100 0.000000 0.000000 0.000000 1.000000
0.998222 -0.058012 -0.013725 -0.056900 0.058116 0.998283 0.007309 14.235800 0.013278 -0.008094 0.999879 -2.088100 0.000000 0.000000 0.000000 1.000000
0.998233 -0.057753 -0.013959 -0.056900 0.057867 0.998293 0.007923 14.235800 0.013477 -0.008717 0.999871 -2.088100 0.000000 0.000000 0.000000 1.000000
0.998226 -0.057923 -0.013769 -0.056900 0.058025 0.998290 0.007116 14.235800 0.013333 -0.007902 0.999880 -2.088100 0.000000 0.000000 0.000000 1.000000
0.998210 -0.058352 -0.013143 -0.056900 0.058438 0.998271 0.006326 14.235800 0.012751 -0.007083 0.999894 -2.088100 0.000000 0.000000 0.000000 1.000000
0.998180 -0.058958 -0.012654 -0.056900 0.059032 0.998241 0.005547 14.235800 0.012304 -0.006284 0.999905 -2.088100 0.000000 0.000000 0.000000 1.000000
0.998157 -0.059409 -0.012338 -0.056900 0.059472 0.998219 0.004781 14.235800 0.012032 -0.005506 0.999912 -2.088100 0.000000 0.000000 0.000000 1.000000
0.998136 -0.059824 -0.012098 -0.056900 0.059877 0.998198 0.004056 14.235800 0.011833 -0.004773 0.999919 -2.088100 0.000000 0.000000 0.000000 1.000000
0.998161 -0.059432 -0.011899 -0.056900 0.059480 0.998223 0.003726 14.235800 0.011656 -0.004427 0.999922 -2.088100 0.000000 0.000000 0.000000 1.000000
0.998257 -0.057887 -0.011452 -0.056900 0.057939 0.998311 0.004301 14.235800 0.011184 -0.004957 0.999925 -2.088100 0.000000 0.000000 0.000000 1.000000
0.998344 -0.056438 -0.011143 -0.056900 0.056501 0.998388 0.005432 14.235800 0.010818 -0.006052 0.999923 -2.088100 0.000000 0.000000 0.000000 1.000000</float_array><technique_common><accessor source="#mixamorig_Neck-Matrix-animation-output-transform-array" count="39" stride="16"><param type="float4x4"/></accessor></technique_common></source><source id="mixamorig_Neck-Interpolations"><Name_array id="mixamorig_Neck-Interpolations-array" count="39">
 LINEAR LINEAR LINEAR LINEAR LINEAR LINEAR LINEAR LINEAR LINEAR LINEAR LINEAR
LINEAR LINEAR LINEAR LINEAR LINEAR LINEAR LINEAR LINEAR LINEAR LINEAR LINEAR LINEAR
LINEAR LINEAR LINEAR LINEAR LINEAR LINEAR LINEAR LINEAR LINEAR LINEAR LINEAR LINEAR
LINEAR LINEAR LINEAR LINEAR</Name_array><technique_common><accessor source="#mixamorig_Neck-Interpolations-array" count="39"><param type="name"/></accessor></technique_common></source><sampler id="mixamorig_Neck-Matrix-animation-transform"><input semantic="INPUT" source="#mixamorig_Neck-Matrix-animation-input"/><input semantic="OUTPUT" source="#mixamorig_Neck-Matrix-animation-output-transform"/><input semantic="INTERPOLATION" source="#mixamorig_Neck-Interpolations"/></sampler><channel source="#mixamorig_Neck-Matrix-animation-transform" target="mixamorig_Neck/matrix"/></animation>
    <animation id="mixamorig_Head-anim" name="mixamorig_Head"><source id="mixamorig_Head-Matrix-animation-input"><float_array id="mixamorig_Head-Matrix-animation-input-array" count="39">

