<?xml version="1.0" encoding="utf-8"?>
<COLLADA xmlns="http://www.collada.org/2005/11/COLLADASchema" version="1.4.1">
  <asset><contributor><author>Mixamo</author><authoring_tool>COLLADA Mixamo exporter</authoring_tool><comments></comments></contributor><created>2018-11-01T17:43:37Z</created><modified>2018-11-01T17:43:37Z</modified><revision></revision><title></title><unit meter="0.010000"/><up_axis>Y_UP</up_axis></asset>
  <library_animations>
    <animation id="mixamorig_Hips-anim" name="mixamorig_Hips"><source id="mixamorig_Hips-Matrix-animation-input"><float_array id="mixamorig_Hips-Matrix-animation-input-array" count="91">

0.000000 0.033333 0.066667 0.100000 0.133333 0.166667 0.200000 0.233333 0.266667 0.300000 0.333333 0.366667 0.400000 0.433333 0.466667 0.500000
0.533333 0.566667 0.600000 0.633333 0.666667 0.700000 0.733333 0.766667 0.800000 0.833333 0.866667 0.900000 0.933333 0.966667 1.000000 1.033333
1.066667 1.100000 1.133333 1.166667 1.200000 1.233333 1.266667 1.300000 1.333333 1.366667 1.400000 1.433333 1.466667 1.500000 1.533333 1.566667
1.600000 1.633333 1.666667 1.700000 1.733333 1.766667 1.800000 1.833333 1.866667 1.900000 1.933333 1.966667 2.000000 2.033333 2.066667 2.100000
2.133333 2.166667 2.200000 2.233333 2.266667 2.300000 2.333333 2.366667 2.400000 2.433333 2.466667 2.500000 2.533333 2.566667 2.600000 2.633333
2.666667 2.700000 2.733333 2.766667 2.800000 2.833333 2.866667 2.900000 2.933333 2.966667 3.000000</float_array><technique_common><accessor source="#mixamorig_Hips-Matrix-animation-input-array" count="91"><param name="TIME" type="float"/></accessor></technique_common></source><source id="mixamorig_Hips-Matrix-animation-output-transform"><float_array id="mixamorig_Hips-Matrix-animation-output-transform-array" count="1456">

0.766431 0.122108 -0.630613 -0.389207 0.030883 0.973624 0.226061 101.311035 0.641583 -0.192735 0.742445 0.442213 0.000000 0.000000 0.000000 1.000000
0.765618 0.123396 -0.631350 -0.348744 0.030983 0.973218 0.227786 101.330269 0.642549 -0.193958 0.741290 0.453491 0.000000 0.000000 0.000000 1.000000
0.764362 0.125194 -0.632516 -0.302252 0.031077 0.972676 0.230077 101.404541 0.644038 -0.195519 0.739586 0.474025 0.000000 0.000000 0.000000 1.000000
0.764300 0.130292 -0.631561 -0.248817 0.032273 0.970420 0.239255 101.557808 0.644053 -0.203245 0.737487 0.513750 0.000000 0.000000 0.000000 1.000000
0.772503 0.140559 -0.619260 -0.154641 0.035832 0.963993 0.263504 101.826004 0.634000 -0.225746 0.739650 0.521881 0.000000 0.000000 0.000000 1.000000
0.781255 0.143294 -0.607542 0.172277 0.040534 0.959594 0.278452 101.873993 0.622895 -0.242169 0.743879 0.309818 0.000000 0.000000 0.000000 1.000000
0.792396 0.143287 -0.592939 0.663285 0.043183 0.956406 0.288830 101.371094 0.608476 -0.254473 0.751665 -0.071111 0.000000 0.000000 0.000000 1.000000
0.803580 0.142678 -0.577843 1.225199 0.045248 0.953389 0.298331 100.585175 0.593474 -0.265879 0.759669 -0.737298 0.000000 0.000000 0.000000 1.000000
0.813116 0.143630 -0.564103 1.762232 0.047503 0.949476 0.310225 99.973610 0.580160 -0.279045 0.765211 -1.706005 0.000000 0.000000 0.000000 1.000000
0.825495 0.142793 -0.546048 2.267118 0.051556 0.944346 0.324888 99.410294 0.562050 -0.296345 0.772191 -3.074710 0.000000 0.000000 0.000000 1.000000
0.839813 0.135834 -0.525608 3.275874 0.054563 0.942169 0.330668 98.815750 0.540127 -0.306378 0.783834 -5.025548 0.000000 0.000000 0.000000 1.000000
0.854087 0.128061 -0.504119 4.479058 0.054644 0.941761 0.331813 98.133179 0.517252 -0.310945 0.797348 -7.430933 0.000000 0.000000 0.000000 1.000000
0.867687 0.117310 -0.483070 5.741657 0.054436 0.943491 0.326897 97.343445 0.494121 -0.309941 0.812269 -10.171031 0.000000 0.000000 0.000000 1.000000
0.878882 0.102327 -0.465935 7.098854 0.059054 0.945872 0.319123 96.563332 0.473369 -0.307987 0.825267 -13.076771 0.000000 0.000000 0.000000 1.000000
0.895103 0.088293 -0.437030 8.558618 0.060602 0.947007 0.315445 95.661652 0.441723 -0.308841 0.842317 -16.088888 0.000000 0.000000 0.000000 1.000000
0.907682 0.072629 -0.413326 10.064682 0.063622 0.949711 0.306598 94.778900 0.414808 -0.304590 0.857415 -19.358042 0.000000 0.000000 0.000000 1.000000
0.916190 0.058748 -0.396414 11.494688 0.065202 0.954163 0.292100 93.473160 0.395404 -0.293466 0.870364 -22.897068 0.000000 0.000000 0.000000 1.000000
0.921917 0.048315 -0.384362 12.874745 0.065686 0.958328 0.278014 91.876144 0.381777 -0.281553 0.880326 -26.525801 0.000000 0.000000 0.000000 1.000000
0.927730 0.033075 -0.371783 14.272481 0.070000 0.962975 0.260344 90.078674 0.366629 -0.267554 0.891066 -30.252478 0.000000 0.000000 0.000000 1.000000
0.936246 0.021166 -0.350708 15.513809 0.069466 0.967328 0.243827 88.013710 0.344410 -0.252644 0.904186 -34.054451 0.000000 0.000000 0.000000 1.000000
0.943533 0.011827 -0.331068 16.684671 0.068726 0.970632 0.230543 85.857536 0.324072 -0.240278 0.915010 -37.974579 0.000000 0.000000 0.000000 1.000000
0.948867 0.000062 -0.315676 17.914627 0.073292 0.972631 0.220493 83.604561 0.307050 -0.232355 0.922893 -42.062901 0.000000 0.000000 0.000000 1.000000
0.951789 -0.010978 -0.306557 19.168816 0.079176 0.974288 0.210934 81.214752 0.296360 -0.225037 0.928186 -46.201721 0.000000 0.000000 0.000000 1.000000
0.954555 -0.019875 -0.297372 20.367924 0.083391 0.975732 0.202468 78.700195 0.286132 -0.218065 0.933047 -50.360359 0.000000 0.000000 0.000000 1.000000
0.956437 -0.024861 -0.290879 21.497789 0.086087 0.976080 0.199639 76.039749 0.278958 -0.215983 0.935700 -54.545841 0.000000 0.000000 0.000000 1.000000
0.959345 -0.025169 -0.281113 22.469143 0.085014 0.975527 0.202782 73.201096 0.269129 -0.218437 0.938006 -58.653397 0.000000 0.000000 0.000000 1.000000
0.963605 -0.019537 -0.266617 23.200214 0.077999 0.974478 0.210496 70.154305 0.255699 -0.223630 0.940536 -62.586441 0.000000 0.000000 0.000000 1.000000
0.968825 -0.016053 -0.247225 23.620749 0.073076 0.972017 0.223255 66.848038 0.236723 -0.234362 0.942888 -66.402672 0.000000 0.000000 0.000000 1.000000
0.975354 -0.021487 -0.219597 23.826572 0.075041 0.968223 0.238563 63.188526 0.207493 -0.249162 0.945973 -70.199608 0.000000 0.000000 0.000000 1.000000
0.983091 -0.023575 -0.181591 24.179375 0.071653 0.962130 0.263004 59.160645 0.168514 -0.271569 0.947551 -73.774681 0.000000 0.000000 0.000000 1.000000
0.987845 -0.025380 -0.153355 24.778051 0.072082 0.948884 0.307284 55.091400 0.137717 -0.314603 0.939180 -77.414345 0.000000 0.000000 0.000000 1.000000
0.989676 -0.037778 -0.138251 25.405914 0.088625 0.919407 0.383193 50.725471 0.112633 -0.391490 0.913263 -81.102348 0.000000 0.000000 0.000000 1.000000
0.989395 -0.060350 -0.132116 26.177776 0.116082 0.875271 0.469496 45.878086 0.087303 -0.479853 0.872994 -84.656418 0.000000 0.000000 0.000000 1.000000
0.987543 -0.072562 -0.139623 27.236914 0.138964 0.818428 0.557552 40.110672 0.073814 -0.570009 0.818316 -88.071877 0.000000 0.000000 0.000000 1.000000
0.988085 -0.075142 -0.134318 28.200953 0.145738 0.737361 0.659590 32.959652 0.049478 -0.671306 0.739527 -91.263260 0.000000 0.000000 0.000000 1.000000
0.989457 -0.087320 -0.115541 28.339628 0.144760 0.620398 0.770812 23.115273 0.004374 -0.779411 0.626498 -93.929688 0.000000 0.000000 0.000000 1.000000
0.988116 -0.111835 -0.105452 28.052330 0.147411 0.495048 0.856269 15.604337 -0.043557 -0.861638 0.505651 -95.694107 0.000000 0.000000 0.000000 1.000000
0.982688 -0.149869 -0.108919 28.355631 0.155834 0.350678 0.923440 16.051945 -0.100200 -0.924426 0.367962 -97.226189 0.000000 0.000000 0.000000 1.000000
0.974364 -0.185618 -0.127127 28.571789 0.169380 0.233325 0.957533 16.478287 -0.148073 -0.954519 0.258783 -98.770355 0.000000 0.000000 0.000000 1.000000
0.953637 -0.251889 -0.164708 28.636181 0.187411 0.068797 0.979869 17.287819 -0.235487 -0.965308 0.112814 -100.983559 0.000000 0.000000 0.000000 1.000000
0.936305 -0.297036 -0.187357 28.404202 0.182062 -0.045656 0.982227 17.967794 -0.300310 -0.953774 0.011331 -102.441971 0.000000 0.000000 0.000000 1.000000
0.917072 -0.337083 -0.212966 27.887226 0.169668 -0.153439 0.973483 18.736570 -0.360822 -0.928887 -0.083522 -103.985123 0.000000 0.000000 0.000000 1.000000
0.902960 -0.358940 -0.236276 27.098969 0.161070 -0.227047 0.960472 19.348825 -0.398397 -0.905324 -0.147200 -105.425491 0.000000 0.000000 0.000000 1.000000
0.903573 -0.352211 -0.243932 26.302458 0.162341 -0.245434 0.955724 19.700508 -0.396486 -0.903166 -0.164590 -106.438736 0.000000 0.000000 0.000000 1.000000
0.911150 -0.333174 -0.242489 25.540028 0.158002 -0.261013 0.952317 19.819342 -0.380580 -0.906017 -0.185180 -106.988617 0.000000 0.000000 0.000000 1.000000
0.920776 -0.317219 -0.227032 24.891296 0.140309 -0.273730 0.951517 19.828236 -0.363985 -0.907989 -0.207535 -107.236626 0.000000 0.000000 0.000000 1.000000
0.933193 -0.295933 -0.203899 24.404739 0.116783 -0.286863 0.950827 19.725054 -0.339872 -0.911117 -0.233139 -107.566132 0.000000 0.000000 0.000000 1.000000
0.940233 -0.290229 -0.178125 24.168047 0.090346 -0.291730 0.952224 19.601770 -0.328327 -0.911406 -0.248074 -107.829933 0.000000 0.000000 0.000000 1.000000
0.943791 -0.287396 -0.163284 24.015024 0.075110 -0.294599 0.952665 19.503565 -0.321895 -0.911381 -0.256454 -108.003990 0.000000 0.000000 0.000000 1.000000
0.945888 -0.285763 -0.153738 23.959795 0.066822 -0.292089 0.954054 19.346451 -0.317539 -0.912701 -0.257189 -108.224075 0.000000 0.000000 0.000000 1.000000
0.948065 -0.281481 -0.148125 23.994053 0.064802 -0.284994 0.956336 19.191978 -0.311406 -0.916268 -0.251953 -108.264328 0.000000 0.000000 0.000000 1.000000
0.950712 -0.273922 -0.145302 24.071873 0.065519 -0.280559 0.957598 19.112446 -0.303073 -0.919920 -0.248783 -108.210373 0.000000 0.000000 0.000000 1.000000
0.952735 -0.267570 -0.143884 24.079510 0.066849 -0.277364 0.958436 19.121765 -0.296357 -0.922754 -0.246368 -108.091995 0.000000 0.000000 0.000000 1.000000
0.954838 -0.259055 -0.145516 24.264006 0.074004 -0.266966 0.960860 19.080444 -0.287763 -0.928235 -0.235738 -107.905083 0.000000 0.000000 0.000000 1.000000
0.957639 -0.244854 -0.151574 24.450016 0.088735 -0.249837 0.964213 18.935875 -0.273960 -0.936818 -0.217527 -107.764603 0.000000 0.000000 0.000000 1.000000
0.959954 -0.229560 -0.160597 24.331331 0.106722 -0.230378 0.967231 18.821753 -0.259036 -0.945636 -0.196653 -107.635559 0.000000 0.000000 0.000000 1.000000
0.961015 -0.219182 -0.168551 24.033747 0.122485 -0.209047 0.970205 18.681089 -0.247887 -0.953026 -0.174051 -107.603874 0.000000 0.000000 0.000000 1.000000
0.963437 -0.201713 -0.176356 23.693916 0.139785 -0.183123 0.973101 18.429159 -0.228582 -0.962174 -0.148231 -107.691429 0.000000 0.000000 0.000000 1.000000
0.966895 -0.179907 -0.180962 23.403986 0.153451 -0.156666 0.975658 18.251751 -0.203879 -0.971128 -0.123873 -107.801292 0.000000 0.000000 0.000000 1.000000
0.969374 -0.164341 -0.182497 23.181269 0.162144 -0.129837 0.978188 18.008455 -0.184451 -0.977821 -0.099214 -107.797134 0.000000 0.000000 0.000000 1.000000
0.971376 -0.150745 -0.183587 22.991093 0.169471 -0.101789 0.980265 17.744125 -0.166458 -0.983318 -0.073328 -107.798607 0.000000 0.000000 0.000000 1.000000
0.975030 -0.130736 -0.179510 22.601780 0.170946 -0.074112 0.982489 17.588707 -0.141751 -0.988643 -0.049913 -107.771812 0.000000 0.000000 0.000000 1.000000
0.979657 -0.109118 -0.168420 22.437134 0.163905 -0.049167 0.985250 17.479946 -0.115789 -0.992812 -0.030282 -107.629677 0.000000 0.000000 0.000000 1.000000
0.983824 -0.095562 -0.151520 22.347948 0.149739 -0.025587 0.988394 17.173981 -0.098329 -0.995095 -0.010863 -107.375069 0.000000 0.000000 0.000000 1.000000
0.987148 -0.091585 -0.130960 22.488926 0.131079 -0.004731 0.991361 16.744007 -0.091414 -0.995786 0.007335 -107.154839 0.000000 0.000000 0.000000 1.000000
0.989380 -0.088017 -0.115677 22.872807 0.117178 0.012060 0.993038 16.415178 -0.086009 -0.996046 0.022246 -107.042503 0.000000 0.000000 0.000000 1.000000
0.989122 -0.090210 -0.116184 22.782291 0.117793 0.012702 0.992957 16.424015 -0.088099 -0.995842 0.023190 -107.236618 0.000000 0.000000 0.000000 1.000000
0.988375 -0.092937 -0.120325 22.817509 0.121253 0.004381 0.992612 16.487217 -0.091723 -0.995662 0.015599 -107.385933 0.000000 0.000000 0.000000 1.000000
0.987291 -0.101630 -0.122177 22.900112 0.122315 -0.004897 0.992479 16.533710 -0.101464 -0.994810 0.007596 -107.499123 0.000000 0.000000 0.000000 1.000000
0.986092 -0.114722 -0.120252 22.976732 0.119219 -0.015853 0.992741 16.562010 -0.115796 -0.993271 -0.001955 -107.632095 0.000000 0.000000 0.000000 1.000000
0.985075 -0.126520 -0.116700 22.942715 0.114214 -0.026752 0.993096 16.508917 -0.128769 -0.991603 -0.011902 -107.770653 0.000000 0.000000 0.000000 1.000000
0.984252 -0.134787 -0.114369 22.884439 0.110592 -0.035210 0.993242 16.401001 -0.137903 -0.990249 -0.019749 -107.869728 0.000000 0.000000 0.000000 1.000000
0.984267 -0.134782 -0.114245 22.789980 0.110010 -0.038487 0.993185 16.312216 -0.138261 -0.990128 -0.023055 -108.037148 0.000000 0.000000 0.000000 1.000000
0.983461 -0.137346 -0.118069 22.745708 0.113646 -0.039642 0.992730 16.227404 -0.141028 -0.989730 -0.023377 -108.154762 0.000000 0.000000 0.000000 1.000000
0.982883 -0.138634 -0.121336 22.694155 0.116964 -0.039292 0.992359 16.154802 -0.142342 -0.989564 -0.022404 -108.228928 0.000000 0.000000 0.000000 1.000000
0.982289 -0.139329 -0.125279 22.669298 0.120859 -0.039778 0.991872 16.131498 -0.143180 -0.989447 -0.022235 -108.236404 0.000000 0.000000 0.000000 1.000000
0.981528 -0.141001 -0.129311 22.652512 0.124966 -0.039284 0.991383 16.146910 -0.144866 -0.989230 -0.020938 -108.181870 0.000000 0.000000 0.000000 1.000000
0.981090 -0.142411 -0.131078 22.642191 0.126832 -0.038533 0.991175 16.172796 -0.146205 -0.989057 -0.019742 -108.131378 0.000000 0.000000 0.000000 1.000000
0.980917 -0.143369 -0.131329 22.661890 0.127191 -0.037694 0.991162 16.200825 -0.147052 -0.988951 -0.018740 -108.102509 0.000000 0.000000 0.000000 1.000000
0.980900 -0.143633 -0.131169 22.698145 0.127200 -0.036516 0.991205 16.221630 -0.147159 -0.988957 -0.017549 -108.075813 0.000000 0.000000 0.000000 1.000000
0.981030 -0.142897 -0.131001 22.731722 0.127218 -0.035340 0.991245 16.238260 -0.146275 -0.989106 -0.016491 -108.047935 0.000000 0.000000 0.000000 1.000000
0.981185 -0.141725 -0.131108 22.743378 0.127494 -0.034323 0.991245 16.245279 -0.144984 -0.989311 -0.015608 -108.020241 0.000000 0.000000 0.000000 1.000000
0.981405 -0.140028 -0.131289 22.745893 0.127769 -0.033873 0.991225 16.245506 -0.143247 -0.989568 -0.015352 -107.991753 0.000000 0.000000 0.000000 1.000000
0.981530 -0.138830 -0.131623 22.722847 0.128102 -0.034040 0.991177 16.245476 -0.142085 -0.989731 -0.015627 -107.976830 0.000000 0.000000 0.000000 1.000000
0.981637 -0.137949 -0.131753 22.704144 0.128174 -0.034560 0.991149 16.242588 -0.141281 -0.989836 -0.016244 -107.964966 0.000000 0.000000 0.000000 1.000000
0.981632 -0.137877 -0.131865 22.686438 0.128199 -0.035179 0.991124 16.237242 -0.141293 -0.989824 -0.016857 -107.956284 0.000000 0.000000 0.000000 1.000000
0.981693 -0.137533 -0.131774 22.681633 0.128040 -0.035693 0.991127 16.230143 -0.141016 -0.989854 -0.017430 -107.950272 0.000000 0.000000 0.000000 1.000000
0.981736 -0.137356 -0.131634 22.676653 0.127830 -0.036198 0.991135 16.226820 -0.140903 -0.989860 -0.017979 -107.951408 0.000000 0.000000 0.000000 1.000000
0.981778 -0.137226 -0.131456 22.676870 0.127584 -0.036679 0.991149 16.223232 -0.140833 -0.989860 -0.018502 -107.950958 0.000000 0.000000 0.000000 1.000000
0.981793 -0.137193 -0.131377 22.677485 0.127458 -0.037011 0.991153 16.217094 -0.140842 -0.989853 -0.018851 -107.948486 0.000000 0.000000 0.000000 1.000000
0.981759 -0.137351 -0.131468 22.675932 0.127531 -0.037119 0.991140 16.209232 -0.141014 -0.989827 -0.018926 -107.945847 0.000000 0.000000 0.000000 1.000000</float_array><technique_common><accessor source="#mixamorig_Hips-Matrix-animation-output-transform-array" count="91" stride="16"><param type="float4x4"/></accessor></technique_common></source><source id="mixamorig_Hips-Interpolations"><Name_array id="mixamorig_Hips-Interpolations-array" count="91">
 LINEAR LINEAR LINEAR LINEAR LINEAR LINEAR LINEAR LINEAR LINEAR LINEAR LINEAR
LINEAR LINEAR LINEAR LINEAR LINEAR LINEAR LINEAR LINEAR LINEAR LINEAR LINEAR LINEAR
LINEAR LINEAR LINEAR LINEAR LINEAR LINEAR LINEAR LINEAR LINEAR LINEAR LINEAR LINEAR
LINEAR LINEAR LINEAR LINEAR LINEAR LINEAR LINEAR LINEAR LINEAR LINEAR LINEAR LINEAR
LINEAR LINEAR LINEAR LINEAR LINEAR LINEAR LINEAR LINEAR LINEAR LINEAR LINEAR LINEAR
LINEAR LINEAR LINEAR LINEAR LINEAR LINEAR LINEAR LINEAR LINEAR LINEAR LINEAR LINEAR
LINEAR LINEAR LINEAR LINEAR LINEAR LINEAR LINEAR LINEAR LINEAR LINEAR LINEAR LINEAR
LINEAR LINEAR LINEAR LINEAR LINEAR LINEAR LINEAR LINEAR</Name_array><technique_common><accessor source="#mixamorig_Hips-Interpolations-array" count="91"><param type="name"/></accessor></technique_common></source><sampler id="mixamorig_Hips-Matrix-animation-transform"><input semantic="INPUT" source="#mixamorig_Hips-Matrix-animation-input"/><input semantic="OUTPUT" source="#mixamorig_Hips-Matrix-animation-output-transform"/><input semantic="INTERPOLATION" source="#mixamorig_Hips-Interpolations"/></sampler><channel source="#mixamorig_Hips-Matrix-animation-transform" target="mixamorig_Hips/matrix"/></animation>
    <animation id="mixamorig_Spine-anim" name="mixamorig_Spine"><source id="mixamorig_Spine-Matrix-animation-input"><float_array id="mixamorig_Spine-Matrix-animation-input-array" count="91">

0.000000 0.033333 0.066667 0.100000 0.133333 0.166667 0.200000 0.233333 0.266667 0.300000 0.333333 0.366667 0.400000 0.433333 0.466667 0.500000
0.533333 0.566667 0.600000 0.633333 0.666667 0.700000 0.733333 0.766667 0.800000 0.833333 0.866667 0.900000 0.933333 0.966667 1.000000 1.033333
1.066667 1.100000 1.133333 1.166667 1.200000 1.233333 1.266667 1.300000 1.333333 1.366667 1.400000 1.433333 1.466667 1.500000 1.533333 1.566667
1.600000 1.633333 1.666667 1.700000 1.733333 1.766667 1.800000 1.833333 1.866667 1.900000 1.933333 1.966667 2.000000 2.033333 2.066667 2.100000
2.133333 2.166667 2.200000 2.233333 2.266667 2.300000 2.333333 2.366667 2.400000 2.433333 2.466667 2.500000 2.533333 2.566667 2.600000 2.633333
2.666667 2.700000 2.733333 2.766667 2.800000 2.833333 2.866667 2.900000 2.933333 2.966667 3.000000</float_array><technique_common><accessor source="#mixamorig_Spine-Matrix-animation-input-array" count="91"><param name="TIME" type="float"/></accessor></technique_common></source><source id="mixamorig_Spine-Matrix-animation-output-transform"><float_array id="mixamorig_Spine-Matrix-animation-output-transform-array" count="1456">

0.999960 0.008948 0.000210 -0.038100 -0.008832 0.990238 -0.139109 9.490500 -0.001453 0.139102 0.990277 -1.392100 0.000000 0.000000 0.000000 1.000000
0.999960 0.008962 -0.000350 -0.038100 -0.008924 0.990339 -0.138383 9.490500 -0.000894 0.138381 0.990379 -1.392100 0.000000 0.000000 0.000000 1.000000
0.999965 0.008292 -0.000826 -0.038100 -0.008327 0.990610 -0.136464 9.490500 -0.000314 0.136466 0.990645 -1.392100 0.000000 0.000000 0.000000 1.000000
0.999975 0.006685 -0.002153 -0.038100 -0.006914 0.990913 -0.134323 9.490500 0.001235 0.134335 0.990935 -1.392100 0.000000 0.000000 0.000000 1.000000
0.999907 0.010050 0.009233 -0.038100 -0.008648 0.989967 -0.141030 9.490500 -0.010558 0.140937 0.989962 -1.392100 0.000000 0.000000 0.000000 1.000000
0.999838 0.003414 0.017666 -0.038100 -0.001412 0.993696 -0.112095 9.490500 -0.017937 0.112052 0.993540 -1.392100 0.000000 0.000000 0.000000 1.000000
0.999605 -0.014427 0.024136 -0.038100 0.016481 0.996053 -0.087221 9.490500 -0.022782 0.087585 0.995897 -1.392100 0.000000 0.000000 0.000000 1.000000
0.998871 -0.035560 0.031509 -0.038100 0.037695 0.996838 -0.069950 9.490500 -0.028922 0.071059 0.997053 -1.392100 0.000000 0.000000 0.000000 1.000000
0.998114 -0.051831 0.032899 -0.038100 0.053898 0.996401 -0.065417 9.490500 -0.029390 0.067067 0.997316 -1.392100 0.000000 0.000000 0.000000 1.000000
0.997939 -0.056771 0.029915 -0.038100 0.058888 0.995412 -0.075415 9.490500 -0.025497 0.077022 0.996703 -1.392100 0.000000 0.000000 0.000000 1.000000
0.997975 -0.057034 0.028175 -0.038100 0.059381 0.994075 -0.091046 9.490500 -0.022815 0.092534 0.995448 -1.392100 0.000000 0.000000 0.000000 1.000000
0.997811 -0.059547 0.028768 -0.038100 0.062394 0.991850 -0.111089 9.490500 -0.021919 0.112640 0.993394 -1.392100 0.000000 0.000000 0.000000 1.000000
0.997615 -0.061363 0.031613 -0.038100 0.064979 0.989367 -0.130117 9.490500 -0.023293 0.131861 0.990995 -1.392100 0.000000 0.000000 0.000000 1.000000
0.997500 -0.066137 0.024873 -0.038100 0.069100 0.986602 -0.147787 9.490500 -0.014766 0.149136 0.988706 -1.392100 0.000000 0.000000 0.000000 1.000000
0.997339 -0.067090 0.028516 -0.038100 0.070985 0.982815 -0.170400 9.490500 -0.016594 0.171970 0.984962 -1.392100 0.000000 0.000000 0.000000 1.000000
0.997182 -0.066306 0.035097 -0.038100 0.071854 0.978625 -0.192692 9.490500 -0.021570 0.194671 0.980631 -1.392100 0.000000 0.000000 0.000000 1.000000
0.996902 -0.064649 0.044791 -0.038100 0.072814 0.973915 -0.214913 9.490500 -0.029729 0.217508 0.975606 -1.392100 0.000000 0.000000 0.000000 1.000000
0.996627 -0.063502 0.051985 -0.038100 0.074220 0.967742 -0.240764 9.490500 -0.035019 0.243810 0.969190 -1.392100 0.000000 0.000000 0.000000 1.000000
0.997181 -0.054867 0.051181 -0.038100 0.066712 0.960518 -0.270101 9.490500 -0.034340 0.272754 0.961471 -1.392100 0.000000 0.000000 0.000000 1.000000
0.997786 -0.046782 0.047280 -0.038100 0.058872 0.951973 -0.300470 9.490500 -0.030952 0.302588 0.952619 -1.392100 0.000000 0.000000 0.000000 1.000000
0.998353 -0.038087 0.042901 -0.038100 0.050298 0.940772 -0.335287 9.490500 -0.027590 0.336892 0.941139 -1.392100 0.000000 0.000000 0.000000 1.000000
0.998753 -0.022763 0.044430 -0.038100 0.037751 0.926736 -0.373812 9.490500 -0.032666 0.375024 0.926440 -1.392100 0.000000 0.000000 0.000000 1.000000
0.998805 -0.012425 0.047271 -0.038100 0.030517 0.913997 -0.404571 9.490500 -0.038179 0.405530 0.913284 -1.392100 0.000000 0.000000 0.000000 1.000000
0.998526 -0.005114 0.054036 -0.038100 0.027817 0.903087 -0.428555 9.490500 -0.046608 0.429427 0.901898 -1.392100 0.000000 0.000000 0.000000 1.000000
0.998015 -0.003033 0.062910 -0.038100 0.030930 0.893704 -0.447589 9.490500 -0.054866 0.448646 0.892024 -1.392100 0.000000 0.000000 0.000000 1.000000
0.997470 -0.004214 0.070962 -0.038100 0.036590 0.886289 -0.461686 9.490500 -0.060948 0.463114 0.884200 -1.392100 0.000000 0.000000 0.000000 1.000000
0.997021 -0.011175 0.076321 -0.038100 0.045913 0.881056 -0.470779 9.490500 -0.061982 0.472881 0.878944 -1.392100 0.000000 0.000000 0.000000 1.000000
0.997176 -0.011725 0.074173 -0.038100 0.045775 0.877916 -0.476621 9.490500 -0.059529 0.478671 0.875974 -1.392100 0.000000 0.000000 0.000000 1.000000
0.998339 -0.005733 0.057325 -0.038100 0.032786 0.874722 -0.483514 9.490500 -0.047372 0.484591 0.873457 -1.392100 0.000000 0.000000 0.000000 1.000000
0.999102 -0.013582 0.040139 -0.038100 0.031555 0.870682 -0.490833 9.490500 -0.028282 0.491658 0.870329 -1.392100 0.000000 0.000000 0.000000 1.000000
0.999488 -0.021157 0.024010 -0.038100 0.030362 0.864008 -0.502562 9.490500 -0.010112 0.503034 0.864208 -1.392100 0.000000 0.000000 0.000000 1.000000
0.999924 -0.007421 0.009845 -0.038100 0.011469 0.852832 -0.522059 9.490500 -0.004522 0.522132 0.852852 -1.392100 0.000000 0.000000 0.000000 1.000000
0.999960 0.007531 0.004824 -0.038100 -0.003721 0.840829 -0.541288 9.490500 -0.008133 0.541249 0.840823 -1.392100 0.000000 0.000000 0.000000 1.000000
0.999692 0.002689 0.024669 -0.038100 0.011617 0.827755 -0.560969 9.490500 -0.021928 0.561083 0.827469 -1.392100 0.000000 0.000000 0.000000 1.000000
0.998935 -0.021347 0.040893 -0.038100 0.041582 0.800522 -0.597859 9.490500 -0.019973 0.598923 0.800557 -1.392100 0.000000 0.000000 0.000000 1.000000
0.998017 -0.046380 0.042549 -0.038100 0.062876 0.765269 -0.640633 9.490500 -0.002849 0.642038 0.766668 -1.392100 0.000000 0.000000 0.000000 1.000000
0.997053 -0.068281 0.034985 -0.038100 0.074797 0.763591 -0.641354 9.490500 0.017078 0.642080 0.766447 -1.392100 0.000000 0.000000 0.000000 1.000000
0.995678 -0.090436 0.021136 -0.038100 0.085196 0.798802 -0.595531 9.490500 0.036974 0.594758 0.803054 -1.392100 0.000000 0.000000 0.000000 1.000000
0.996472 -0.083577 0.007608 -0.038100 0.074199 0.835027 -0.545183 9.490500 0.039212 0.543824 0.838283 -1.392100 0.000000 0.000000 0.000000 1.000000
0.999054 -0.040428 -0.016037 -0.038100 0.027561 0.873727 -0.485635 9.490500 0.033645 0.484733 0.874015 -1.392100 0.000000 0.000000 0.000000 1.000000
0.999586 -0.003855 -0.028502 -0.038100 -0.009235 0.895489 -0.444989 9.490500 0.027239 0.445068 0.895083 -1.392100 0.000000 0.000000 0.000000 1.000000
0.998927 0.032334 -0.033166 -0.038100 -0.042784 0.918462 -0.393188 9.490500 0.017749 0.394185 0.918860 -1.392100 0.000000 0.000000 0.000000 1.000000
0.997943 0.054559 -0.033663 -0.038100 -0.062844 0.936308 -0.345511 9.490500 0.012668 0.346916 0.937811 -1.392100 0.000000 0.000000 0.000000 1.000000
0.998210 0.052131 -0.029299 -0.038100 -0.058757 0.946137 -0.318389 9.490500 0.011123 0.319541 0.947507 -1.392100 0.000000 0.000000 0.000000 1.000000
0.999011 0.036438 -0.025497 -0.038100 -0.042503 0.951002 -0.306249 9.490500 0.013089 0.307030 0.951610 -1.392100 0.000000 0.000000 0.000000 1.000000
0.999487 0.022131 -0.023167 -0.038100 -0.028017 0.954475 -0.296971 9.490500 0.015540 0.297467 0.954606 -1.392100 0.000000 0.000000 0.000000 1.000000
0.999749 0.001278 -0.022368 -0.038100 -0.007892 0.954472 -0.298196 9.490500 0.020969 0.298298 0.954243 -1.392100 0.000000 0.000000 0.000000 1.000000
0.999694 -0.009863 -0.022675 -0.038100 0.002550 0.953243 -0.302195 9.490500 0.024595 0.302045 0.952976 -1.392100 0.000000 0.000000 0.000000 1.000000
0.999665 -0.015784 -0.020517 -0.038100 0.008835 0.953034 -0.302735 9.490500 0.024331 0.302452 0.952854 -1.392100 0.000000 0.000000 0.000000 1.000000
0.999591 -0.019175 -0.021209 -0.038100 0.011892 0.953390 -0.301506 9.490500 0.026002 0.301130 0.953228 -1.392100 0.000000 0.000000 0.000000 1.000000
0.999478 -0.024145 -0.021474 -0.038100 0.016677 0.954667 -0.297208 9.490500 0.027676 0.296694 0.954571 -1.392100 0.000000 0.000000 0.000000 1.000000
0.999374 -0.029624 -0.019358 -0.038100 0.022698 0.956262 -0.291630 9.490500 0.027150 0.291008 0.956335 -1.392100 0.000000 0.000000 0.000000 1.000000
0.999311 -0.033366 -0.016265 -0.038100 0.027324 0.957810 -0.286101 9.490500 0.025125 0.285460 0.958061 -1.392100 0.000000 0.000000 0.000000 1.000000
0.999157 -0.040013 -0.009146 -0.038100 0.035919 0.960220 -0.276923 9.490500 0.019863 0.276361 0.960848 -1.392100 0.000000 0.000000 0.000000 1.000000
0.998791 -0.048988 0.004205 -0.038100 0.048363 0.963432 -0.263551 9.490500 0.008859 0.263436 0.964636 -1.392100 0.000000 0.000000 0.000000 1.000000
0.998187 -0.057244 0.018606 -0.038100 0.060076 0.966702 -0.248751 9.490500 -0.003747 0.249418 0.968389 -1.392100 0.000000 0.000000 0.000000 1.000000
0.997646 -0.061555 0.030227 -0.038100 0.066909 0.970345 -0.232280 9.490500 -0.015032 0.233756 0.972179 -1.392100 0.000000 0.000000 0.000000 1.000000
0.996553 -0.072119 0.041009 -0.038100 0.079268 0.973586 -0.214118 9.490500 -0.024484 0.216631 0.975947 -1.392100 0.000000 0.000000 0.000000 1.000000
0.995062 -0.086403 0.048841 -0.038100 0.094289 0.976592 -0.193335 9.490500 -0.030993 0.196986 0.979916 -1.392100 0.000000 0.000000 0.000000 1.000000
0.993631 -0.096598 0.058026 -0.038100 0.105258 0.979484 -0.171846 9.490500 -0.040236 0.176859 0.983413 -1.392100 0.000000 0.000000 0.000000 1.000000
0.992012 -0.105870 0.068577 -0.038100 0.115207 0.981832 -0.150777 9.490500 -0.051369 0.157473 0.986186 -1.392100 0.000000 0.000000 0.000000 1.000000
0.990424 -0.118387 0.071023 -0.038100 0.126881 0.983325 -0.130279 9.490500 -0.054416 0.138043 0.988930 -1.392100 0.000000 0.000000 0.000000 1.000000
0.988084 -0.137700 0.068770 -0.038100 0.144761 0.983195 -0.111231 9.490500 -0.052298 0.119861 0.991412 -1.392100 0.000000 0.000000 0.000000 1.000000
0.986390 -0.150869 0.065366 -0.038100 0.156598 0.983197 -0.093813 9.490500 -0.050114 0.102772 0.993442 -1.392100 0.000000 0.000000 0.000000 1.000000
0.985668 -0.155739 0.064846 -0.038100 0.160642 0.983856 -0.078879 9.490500 -0.051514 0.088165 0.994773 -1.392100 0.000000 0.000000 0.000000 1.000000
0.984329 -0.161551 0.070688 -0.038100 0.166217 0.983878 -0.065997 9.490500 -0.058886 0.076713 0.995313 -1.392100 0.000000 0.000000 0.000000 1.000000
0.985202 -0.153982 0.075281 -0.038100 0.158900 0.985193 -0.064381 9.490500 -0.064253 0.075390 0.995082 -1.392100 0.000000 0.000000 0.000000 1.000000
0.985711 -0.149791 0.077043 -0.038100 0.155201 0.985414 -0.069802 9.490500 -0.065464 0.080762 0.994581 -1.392100 0.000000 0.000000 0.000000 1.000000
0.986454 -0.144585 0.077482 -0.038100 0.150395 0.985757 -0.075266 9.490500 -0.065496 0.085899 0.994149 -1.392100 0.000000 0.000000 0.000000 1.000000
0.988245 -0.134350 0.072959 -0.038100 0.140295 0.986573 -0.083610 9.490500 -0.060746 0.092863 0.993824 -1.392100 0.000000 0.000000 0.000000 1.000000
0.989773 -0.124972 0.068793 -0.038100 0.131078 0.987013 -0.092864 9.490500 -0.056294 0.100932 0.993299 -1.392100 0.000000 0.000000 0.000000 1.000000
0.990836 -0.117223 0.067108 -0.038100 0.123609 0.987218 -0.100604 9.490500 -0.054457 0.107977 0.992661 -1.392100 0.000000 0.000000 0.000000 1.000000
0.990970 -0.115907 0.067407 -0.038100 0.122551 0.986932 -0.104625 9.490500 -0.054399 0.111941 0.992225 -1.392100 0.000000 0.000000 0.000000 1.000000
0.991426 -0.111147 0.068711 -0.038100 0.118095 0.987214 -0.107062 9.490500 -0.055932 0.114258 0.991875 -1.392100 0.000000 0.000000 0.000000 1.000000
0.991724 -0.107316 0.070472 -0.038100 0.114538 0.987529 -0.108017 9.490500 -0.058001 0.115195 0.991648 -1.392100 0.000000 0.000000 0.000000 1.000000
0.991922 -0.105420 0.070545 -0.038100 0.112718 0.987626 -0.109040 9.490500 -0.058177 0.116111 0.991531 -1.392100 0.000000 0.000000 0.000000 1.000000
0.992181 -0.103594 0.069608 -0.038100 0.110763 0.987901 -0.108554 9.490500 -0.057520 0.115416 0.991650 -1.392100 0.000000 0.000000 0.000000 1.000000
0.992300 -0.102889 0.068953 -0.038100 0.109975 0.988007 -0.108382 9.490500 -0.056975 0.115131 0.991715 -1.392100 0.000000 0.000000 0.000000 1.000000
0.992344 -0.103127 0.067965 -0.038100 0.110089 0.988011 -0.108237 9.490500 -0.055988 0.114891 0.991799 -1.392100 0.000000 0.000000 0.000000 1.000000
0.992321 -0.103782 0.067291 -0.038100 0.110638 0.988000 -0.107772 9.490500 -0.055298 0.114389 0.991896 -1.392100 0.000000 0.000000 0.000000 1.000000
0.992218 -0.104947 0.067010 -0.038100 0.111737 0.987933 -0.107255 9.490500 -0.054945 0.113908 0.991971 -1.392100 0.000000 0.000000 0.000000 1.000000
0.992111 -0.105806 0.067231 -0.038100 0.112587 0.987896 -0.106706 9.490500 -0.055127 0.113434 0.992015 -1.392100 0.000000 0.000000 0.000000 1.000000
0.991972 -0.106848 0.067644 -0.038100 0.113656 0.987804 -0.106426 9.490500 -0.055447 0.113259 0.992017 -1.392100 0.000000 0.000000 0.000000 1.000000
0.991917 -0.107091 0.068068 -0.038100 0.113946 0.987771 -0.106420 9.490500 -0.055839 0.113316 0.991989 -1.392100 0.000000 0.000000 0.000000 1.000000
0.991894 -0.107247 0.068156 -0.038100 0.114125 0.987725 -0.106653 9.490500 -0.055881 0.113567 0.991958 -1.392100 0.000000 0.000000 0.000000 1.000000
0.991950 -0.106788 0.068061 -0.038100 0.113671 0.987751 -0.106897 9.490500 -0.055812 0.113773 0.991938 -1.392100 0.000000 0.000000 0.000000 1.000000
0.991942 -0.107064 0.067745 -0.038100 0.113921 0.987699 -0.107114 9.490500 -0.055444 0.113968 0.991936 -1.392100 0.000000 0.000000 0.000000 1.000000
0.991949 -0.107244 0.067342 -0.038100 0.114068 0.987656 -0.107352 9.490500 -0.054998 0.114170 0.991938 -1.392100 0.000000 0.000000 0.000000 1.000000
0.991964 -0.107371 0.066926 -0.038100 0.114162 0.987615 -0.107631 9.490500 -0.054541 0.114407 0.991936 -1.392100 0.000000 0.000000 0.000000 1.000000
0.991986 -0.107351 0.066624 -0.038100 0.114117 0.987599 -0.107817 9.490500 -0.054223 0.114556 0.991936 -1.392100 0.000000 0.000000 0.000000 1.000000
0.992022 -0.107114 0.066475 -0.038100 0.113869 0.987620 -0.107891 9.490500 -0.054095 0.114600 0.991938 -1.392100 0.000000 0.000000 0.000000 1.000000</float_array><technique_common><accessor source="#mixamorig_Spine-Matrix-animation-output-transform-array" count="91" stride="16"><param type="float4x4"/></accessor></technique_common></source><source id="mixamorig_Spine-Interpolations"><Name_array id="mixamorig_Spine-Interpolations-array" count="91">
 LINEAR LINEAR LINEAR LINEAR LINEAR LINEAR LINEAR LINEAR LINEAR LINEAR LINEAR
LINEAR LINEAR LINEAR LINEAR LINEAR LINEAR LINEAR LINEAR LINEAR LINEAR LINEAR LINEAR
LINEAR LINEAR LINEAR LINEAR LINEAR LINEAR LINEAR LINEAR LINEAR LINEAR LINEAR LINEAR
LINEAR LINEAR LINEAR LINEAR LINEAR LINEAR LINEAR LINEAR LINEAR LINEAR LINEAR LINEAR
LINEAR LINEAR LINEAR LINEAR LINEAR LINEAR LINEAR LINEAR LINEAR LINEAR LINEAR LINEAR
LINEAR LINEAR LINEAR LINEAR LINEAR LINEAR LINEAR LINEAR LINEAR LINEAR LINEAR LINEAR
LINEAR LINEAR LINEAR LINEAR LINEAR LINEAR LINEAR LINEAR LINEAR LINEAR LINEAR LINEAR
LINEAR LINEAR LINEAR LINEAR LINEAR LINEAR LINEAR LINEAR</Name_array><technique_common><accessor source="#mixamorig_Spine-Interpolations-array" count="91"><param type="name"/></accessor></technique_common></source><sampler id="mixamorig_Spine-Matrix-animation-transform"><input semantic="INPUT" source="#mixamorig_Spine-Matrix-animation-input"/><input semantic="OUTPUT" source="#mixamorig_Spine-Matrix-animation-output-transform"/><input semantic="INTERPOLATION" source="#mixamorig_Spine-Interpolations"/></sampler><channel source="#mixamorig_Spine-Matrix-animation-transform" target="mixamorig_Spine/matrix"/></animation>
    <animation id="mixamorig_Spine1-anim" name="mixamorig_Spine1"><source id="mixamorig_Spine1-Matrix-animation-input"><float_array id="mixamorig_Spine1-Matrix-animation-input-array" count="91">

0.000000 0.033333 0.066667 0.100000 0.133333 0.166667 0.200000 0.233333 0.266667 0.300000 0.333333 0.366667 0.400000 0.433333 0.466667 0.500000
0.533333 0.566667 0.600000 0.633333 0.666667 0.700000 0.733333 0.766667 0.800000 0.833333 0.866667 0.900000 0.933333 0.966667 1.000000 1.033333
1.066667 1.100000 1.133333 1.166667 1.200000 1.233333 1.266667 1.300000 1.333333 1.366667 1.400000 1.433333 1.466667 1.500000 1.533333 1.566667
1.600000 1.633333 1.666667 1.700000 1.733333 1.766667 1.800000 1.833333 1.866667 1.900000 1.933333 1.966667 2.000000 2.033333 2.066667 2.100000
2.133333 2.166667 2.200000 2.233333 2.266667 2.300000 2.333333 2.366667 2.400000 2.433333 2.466667 2.500000 2.533333 2.566667 2.600000 2.633333
2.666667 2.700000 2.733333 2.766667 2.800000 2.833333 2.866667 2.900000 2.933333 2.966667 3.000000</float_array><technique_common><accessor source="#mixamorig_Spine1-Matrix-animation-input-array" count="91"><param name="TIME" type="float"/></accessor></technique_common></source><source id="mixamorig_Spine1-Matrix-animation-output-transform"><float_array id="mixamorig_Spine1-Matrix-animation-output-transform-array" count="1456">

0.999913 0.013020 -0.002191 -0.044200 -0.013108 0.959158 -0.282566 11.072300 -0.001578 0.282570 0.959245 -1.624100 0.000000 0.000000 0.000000 1.000000
0.999910 0.012905 -0.003730 -0.044200 -0.013433 0.959202 -0.282404 11.072300 -0.000067 0.282428 0.959288 -1.624100 0.000000 0.000000 0.000000 1.000000
0.999913 0.012255 -0.004965 -0.044200 -0.013159 0.959069 -0.282867 11.072300 0.001295 0.282907 0.959146 -1.624100 0.000000 0.000000 0.000000 1.000000
0.999902 0.013410 -0.003905 -0.044200 -0.013966 0.958063 -0.286216 11.072300 -0.000097 0.286243 0.958157 -1.624100 0.000000 0.000000 0.000000 1.000000
0.999638 0.024528 0.011088 -0.044200 -0.020274 0.957026 -0.289291 11.072300 -0.017707 0.288961 0.957177 -1.624100 0.000000 0.000000 0.000000 1.000000
0.999258 0.030065 0.024067 -0.044200 -0.022448 0.962503 -0.270342 11.072300 -0.031292 0.269601 0.962464 -1.624100 0.000000 0.000000 0.000000 1.000000
0.998880 0.032534 0.034363 -0.044200 -0.022442 0.964997 -0.261299 11.072300 -0.041661 0.260235 0.964646 -1.624100 0.000000 0.000000 0.000000 1.000000
0.998585 0.032347 0.042216 -0.044200 -0.020419 0.966121 -0.257282 11.072300 -0.049108 0.256056 0.965414 -1.624100 0.000000 0.000000 0.000000 1.000000
0.998493 0.030617 0.045546 -0.044200 -0.018194 0.967655 -0.251619 11.072300 -0.051776 0.250411 0.966754 -1.624100 0.000000 0.000000 0.000000 1.000000
0.998453 0.030155 0.046725 -0.044200 -0.017806 0.969333 -0.245104 11.072300 -0.052683 0.243893 0.968370 -1.624100 0.000000 0.000000 0.000000 1.000000
0.998482 0.027229 0.047880 -0.044200 -0.015562 0.973304 -0.228990 11.072300 -0.052837 0.227897 0.972250 -1.624100 0.000000 0.000000 0.000000 1.000000
0.998585 0.022645 0.048109 -0.044200 -0.012002 0.977424 -0.210946 11.072300 -0.051800 0.210071 0.976313 -1.624100 0.000000 0.000000 0.000000 1.000000
0.998690 0.017469 0.048095 -0.044200 -0.007934 0.981416 -0.191726 11.072300 -0.050550 0.191094 0.980269 -1.624100 0.000000 0.000000 0.000000 1.000000
0.998888 0.013392 0.045206 -0.044200 -0.005180 0.984180 -0.177098 11.072300 -0.046863 0.176667 0.983155 -1.624100 0.000000 0.000000 0.000000 1.000000
0.999105 0.006861 0.041739 -0.044200 -0.000173 0.987412 -0.158172 11.072300 -0.042299 0.158023 0.986529 -1.624100 0.000000 0.000000 0.000000 1.000000
0.999198 0.001910 0.040004 -0.044200 0.003727 0.990092 -0.140370 11.072300 -0.039875 0.140406 0.989291 -1.624100 0.000000 0.000000 0.000000 1.000000
0.999228 -0.000533 0.039290 -0.044200 0.005413 0.992240 -0.124219 11.072300 -0.038919 0.124336 0.991477 -1.624100 0.000000 0.000000 0.000000 1.000000
0.999263 -0.000099 0.038387 -0.044200 0.004440 0.993584 -0.113009 11.072300 -0.038129 0.113096 0.992852 -1.624100 0.000000 0.000000 0.000000 1.000000
0.999308 0.000864 0.037176 -0.044200 0.003001 0.994597 -0.103767 11.072300 -0.037065 0.103807 0.993907 -1.624100 0.000000 0.000000 0.000000 1.000000
0.999396 0.002326 0.034678 -0.044200 0.000980 0.995475 -0.095020 11.072300 -0.034743 0.094996 0.994871 -1.624100 0.000000 0.000000 0.000000 1.000000
0.999466 0.004226 0.032399 -0.044200 -0.001344 0.996080 -0.088449 11.072300 -0.032646 0.088358 0.995554 -1.624100 0.000000 0.000000 0.000000 1.000000
0.999465 0.005707 0.032195 -0.044200 -0.002971 0.996427 -0.084405 11.072300 -0.032561 0.084264 0.995911 -1.624100 0.000000 0.000000 0.000000 1.000000
0.999487 0.007003 0.031251 -0.044200 -0.004427 0.996644 -0.081743 11.072300 -0.031718 0.081563 0.996163 -1.624100 0.000000 0.000000 0.000000 1.000000
0.999518 0.005584 0.030550 -0.044200 -0.003191 0.996963 -0.077817 11.072300 -0.030892 0.077682 0.996499 -1.624100 0.000000 0.000000 0.000000 1.000000
0.999541 0.002335 0.030197 -0.044200 -0.000083 0.997231 -0.074370 11.072300 -0.030287 0.074333 0.996773 -1.624100 0.000000 0.000000 0.000000 1.000000
0.999554 -0.003415 0.029653 -0.044200 0.005503 0.997488 -0.070619 11.072300 -0.029338 0.070751 0.997063 -1.624100 0.000000 0.000000 0.000000 1.000000
0.999546 -0.009939 0.028448 -0.044200 0.011824 0.997691 -0.066886 11.072300 -0.027718 0.067192 0.997355 -1.624100 0.000000 0.000000 0.000000 1.000000
0.999471 -0.016328 0.028113 -0.044200 0.018141 0.997689 -0.065473 11.072300 -0.026979 0.065948 0.997458 -1.624100 0.000000 0.000000 0.000000 1.000000
0.999360 -0.023451 0.027004 -0.044200 0.025196 0.997487 -0.066222 11.072300 -0.025383 0.066861 0.997439 -1.624100 0.000000 0.000000 0.000000 1.000000
0.999242 -0.030984 0.023580 -0.044200 0.032576 0.996983 -0.070454 11.072300 -0.021326 0.071168 0.997236 -1.624100 0.000000 0.000000 0.000000 1.000000
0.999201 -0.035168 0.018982 -0.044200 0.036552 0.996260 -0.078297 11.072300 -0.016157 0.078928 0.996749 -1.624100 0.000000 0.000000 0.000000 1.000000
0.999063 -0.039493 0.017684 -0.044200 0.040904 0.995261 -0.088213 11.072300 -0.014117 0.088854 0.995945 -1.624100 0.000000 0.000000 0.000000 1.000000
0.998911 -0.043934 0.015720 -0.044200 0.045253 0.994284 -0.096700 11.072300 -0.011382 0.097307 0.995189 -1.624100 0.000000 0.000000 0.000000 1.000000
