<?xml version="1.0" encoding="utf-8"?>
<COLLADA xmlns="http://www.collada.org/2005/11/COLLADASchema" version="1.4.1">
  <asset><contributor><author>Mixamo</author><authoring_tool>COLLADA Mixamo exporter</authoring_tool><comments></comments></contributor><created>2018-10-21T11:15:06Z</created><modified>2018-10-21T11:15:06Z</modified><revision></revision><title></title><unit meter="0.010000"/><up_axis>Y_UP</up_axis></asset>
  <library_animations>
    <animation id="mixamorig_Hips-anim" name="mixamorig_Hips"><source id="mixamorig_Hips-Matrix-animation-input"><float_array id="mixamorig_Hips-Matrix-animation-input-array" count="99">

0.000000 0.033333 0.066667 0.100000 0.133333 0.166667 0.200000 0.233333 0.266667 0.300000 0.333333 0.366667 0.400000 0.433333 0.466667 0.500000
0.533333 0.566667 0.600000 0.633333 0.666667 0.700000 0.733333 0.766667 0.800000 0.833333 0.866667 0.900000 0.933333 0.966667 1.000000 1.033333
1.066667 1.100000 1.133333 1.166667 1.200000 1.233333 1.266667 1.300000 1.333333 1.366667 1.400000 1.433333 1.466667 1.500000 1.533333 1.566667
1.600000 1.633333 1.666667 1.700000 1.733333 1.766667 1.800000 1.833333 1.866667 1.900000 1.933333 1.966667 2.000000 2.033333 2.066667 2.100000
2.133333 2.166667 2.200000 2.233333 2.266667 2.300000 2.333333 2.366667 2.400000 2.433333 2.466667 2.500000 2.533333 2.566667 2.600000 2.633333
2.666667 2.700000 2.733333 2.766667 2.800000 2.833333 2.866667 2.900000 2.933333 2.966667 3.000000 3.033333 3.066667 3.100000 3.133333 3.166667
3.200000 3.233333 3.266667</float_array><technique_common><accessor source="#mixamorig_Hips-Matrix-animation-input-array" count="99"><param name="TIME" type="float"/></accessor></technique_common></source><source id="mixamorig_Hips-Matrix-animation-output-transform"><float_array id="mixamorig_Hips-Matrix-animation-output-transform-array" count="1584">

0.843928 0.043620 -0.534679 -0.358066 0.055774 0.984153 0.168322 94.952232 0.533549 -0.171874 0.828122 0.641467 0.000000 0.000000 0.000000 1.000000
0.841443 0.048600 -0.538155 -0.386609 0.055784 0.982812 0.175978 94.982056 0.537458 -0.178096 0.824270 1.558156 0.000000 0.000000 0.000000 1.000000
0.838981 0.052124 -0.541659 -0.417712 0.057078 0.981481 0.182857 95.088379 0.541159 -0.184330 0.820469 2.472255 0.000000 0.000000 0.000000 1.000000
0.836585 0.053898 -0.545180 -0.450033 0.059848 0.980201 0.188742 95.277161 0.544559 -0.190527 0.816796 3.374058 0.000000 0.000000 0.000000 1.000000
0.834727 0.049868 -0.548401 -0.511969 0.068001 0.978933 0.192524 95.542229 0.546449 -0.197997 0.813751 4.191439 0.000000 0.000000 0.000000 1.000000
0.833874 0.045137 -0.550106 -0.576056 0.075831 0.977831 0.195181 95.824875 0.546721 -0.204471 0.811965 5.018305 0.000000 0.000000 0.000000 1.000000
0.833550 0.040523 -0.550956 -0.630083 0.082314 0.977063 0.196398 96.118782 0.546277 -0.209059 0.811095 5.872951 0.000000 0.000000 0.000000 1.000000
0.833133 0.036509 -0.551867 -0.666897 0.087393 0.976593 0.196540 96.403618 0.546125 -0.211973 0.810441 6.764485 0.000000 0.000000 0.000000 1.000000
0.832512 0.033081 -0.553019 -0.684891 0.091809 0.976176 0.196601 96.678612 0.546347 -0.214445 0.809641 7.694184 0.000000 0.000000 0.000000 1.000000
0.831595 0.030634 -0.554537 -0.683650 0.095801 0.975598 0.197560 96.939636 0.547057 -0.217415 0.808368 8.680001 0.000000 0.000000 0.000000 1.000000
0.829783 0.029688 -0.557296 -0.663440 0.099175 0.974846 0.199597 97.161606 0.549204 -0.220892 0.805966 9.772448 0.000000 0.000000 0.000000 1.000000
0.826682 0.028706 -0.561936 -0.632765 0.103511 0.973894 0.202029 97.350433 0.553066 -0.225181 0.802130 10.985030 0.000000 0.000000 0.000000 1.000000
0.822763 0.025972 -0.567791 -0.582470 0.110202 0.972710 0.204183 97.475952 0.557599 -0.230566 0.797448 12.329789 0.000000 0.000000 0.000000 1.000000
0.818633 0.021359 -0.573919 -0.443560 0.119220 0.971220 0.206201 97.539085 0.561806 -0.237226 0.792526 13.793820 0.000000 0.000000 0.000000 1.000000
0.813955 0.017097 -0.580676 -0.217086 0.128458 0.969526 0.208611 97.567764 0.566547 -0.244392 0.786954 15.352343 0.000000 0.000000 0.000000 1.000000
0.807855 0.016134 -0.589160 0.057360 0.134871 0.968040 0.211445 97.550117 0.573742 -0.250278 0.779860 16.996090 0.000000 0.000000 0.000000 1.000000
0.800198 0.017659 -0.599476 0.335698 0.139237 0.966785 0.214335 97.534554 0.583350 -0.254980 0.771160 18.665997 0.000000 0.000000 0.000000 1.000000
0.792178 0.020592 -0.609943 0.599578 0.141865 0.965840 0.216858 97.514786 0.593572 -0.258319 0.762196 20.369555 0.000000 0.000000 0.000000 1.000000
0.785450 0.023191 -0.618491 0.850049 0.143512 0.965239 0.218444 97.479141 0.602058 -0.260338 0.754819 22.098253 0.000000 0.000000 0.000000 1.000000
0.781086 0.024885 -0.623928 1.088616 0.144204 0.965007 0.219014 97.455627 0.607545 -0.261042 0.750165 23.828089 0.000000 0.000000 0.000000 1.000000
0.778806 0.026901 -0.626687 1.309126 0.143462 0.964960 0.219707 97.459045 0.610638 -0.261015 0.747658 25.542065 0.000000 0.000000 0.000000 1.000000
0.776854 0.030511 -0.628941 1.505886 0.141615 0.964772 0.221722 97.480354 0.613549 -0.261313 0.745166 27.228319 0.000000 0.000000 0.000000 1.000000
0.773141 0.035376 -0.633247 1.680125 0.139898 0.964339 0.224676 97.513870 0.618613 -0.262296 0.740620 28.872597 0.000000 0.000000 0.000000 1.000000
0.766754 0.040150 -0.640684 1.838444 0.139231 0.963883 0.227032 97.562332 0.626660 -0.263281 0.733471 30.458061 0.000000 0.000000 0.000000 1.000000
0.758282 0.044117 -0.650432 1.985621 0.139323 0.963691 0.227789 97.636658 0.636865 -0.263349 0.724603 31.971832 0.000000 0.000000 0.000000 1.000000
0.749101 0.047539 -0.660748 2.123784 0.139147 0.963879 0.227102 97.743248 0.647678 -0.262064 0.715427 33.412453 0.000000 0.000000 0.000000 1.000000
0.740539 0.050844 -0.670087 2.253615 0.137938 0.964402 0.225616 97.900742 0.657704 -0.259508 0.707164 34.789925 0.000000 0.000000 0.000000 1.000000
0.733047 0.054449 -0.677996 2.375300 0.135278 0.965206 0.223778 98.097366 0.666590 -0.255758 0.700175 36.129284 0.000000 0.000000 0.000000 1.000000
0.726151 0.058336 -0.685056 2.490376 0.131579 0.966186 0.221748 98.310287 0.674827 -0.251162 0.693921 37.450123 0.000000 0.000000 0.000000 1.000000
0.719579 0.061968 -0.691640 2.605538 0.127800 0.967179 0.219618 98.523071 0.682549 -0.246425 0.688042 38.770115 0.000000 0.000000 0.000000 1.000000
0.713849 0.064956 -0.697280 2.734187 0.124439 0.968077 0.217579 98.726143 0.689154 -0.242088 0.682978 40.110096 0.000000 0.000000 0.000000 1.000000
0.709597 0.067736 -0.701344 2.890552 0.120829 0.968926 0.215830 98.907295 0.694170 -0.237895 0.679363 41.483936 0.000000 0.000000 0.000000 1.000000
0.707036 0.070929 -0.703612 3.082150 0.115913 0.969877 0.214248 99.056824 0.697613 -0.233039 0.677517 42.891136 0.000000 0.000000 0.000000 1.000000
0.705994 0.074277 -0.704312 3.313035 0.109651 0.971029 0.212317 99.182251 0.699678 -0.227123 0.677396 44.324852 0.000000 0.000000 0.000000 1.000000
0.705690 0.076876 -0.704338 3.592299 0.103343 0.972297 0.209665 99.307541 0.700944 -0.220746 0.678195 45.778183 0.000000 0.000000 0.000000 1.000000
0.704979 0.078066 -0.704919 3.928173 0.098767 0.973432 0.206578 99.448563 0.702317 -0.215256 0.678539 47.240189 0.000000 0.000000 0.000000 1.000000
0.703635 0.077787 -0.706291 4.311868 0.096857 0.974212 0.203787 99.586761 0.703930 -0.211801 0.677955 48.696831 0.000000 0.000000 0.000000 1.000000
0.702750 0.076276 -0.707336 4.719828 0.097341 0.974577 0.201804 99.699844 0.704746 -0.210671 0.677459 50.133511 0.000000 0.000000 0.000000 1.000000
0.703155 0.073588 -0.707218 5.130568 0.099725 0.974592 0.200561 99.810493 0.704008 -0.211553 0.677951 51.530720 0.000000 0.000000 0.000000 1.000000
0.704322 0.069479 -0.706472 5.535194 0.103991 0.974364 0.199500 99.914490 0.702223 -0.213979 0.679041 52.846359 0.000000 0.000000 0.000000 1.000000
0.705476 0.063735 -0.705862 5.929887 0.110310 0.973937 0.198190 99.981392 0.700097 -0.217682 0.680058 54.046669 0.000000 0.000000 0.000000 1.000000
0.706852 0.056663 -0.705089 6.293627 0.118636 0.973171 0.197140 99.964661 0.697342 -0.222997 0.681165 55.116398 0.000000 0.000000 0.000000 1.000000
0.709503 0.049660 -0.702951 6.600663 0.127729 0.971929 0.197582 99.875969 0.693030 -0.229972 0.683244 56.064701 0.000000 0.000000 0.000000 1.000000
0.714313 0.044644 -0.698401 6.829461 0.134810 0.970494 0.199918 99.801491 0.686719 -0.236956 0.687218 56.932079 0.000000 0.000000 0.000000 1.000000
0.720996 0.041182 -0.691715 7.027319 0.139224 0.969267 0.202824 99.826668 0.678809 -0.242538 0.693104 57.762676 0.000000 0.000000 0.000000 1.000000
0.728566 0.037466 -0.683950 7.212413 0.142198 0.968478 0.204526 99.916855 0.670053 -0.246267 0.700272 58.557526 0.000000 0.000000 0.000000 1.000000
0.735538 0.032823 -0.676688 7.375472 0.145004 0.968052 0.204570 100.034721 0.661784 -0.248592 0.707280 59.313206 0.000000 0.000000 0.000000 1.000000
0.740848 0.028716 -0.671058 7.521990 0.146995 0.967935 0.203702 100.176041 0.655390 -0.249554 0.712872 60.026161 0.000000 0.000000 0.000000 1.000000
0.744771 0.025754 -0.666823 7.658621 0.147784 0.968078 0.202447 100.317650 0.650750 -0.249322 0.717191 60.677711 0.000000 0.000000 0.000000 1.000000
0.749591 0.023056 -0.661500 7.782663 0.147313 0.968516 0.200687 100.431862 0.645300 -0.247881 0.722594 61.263283 0.000000 0.000000 0.000000 1.000000
0.757959 0.019684 -0.652006 7.887365 0.145646 0.969204 0.198573 100.520027 0.635835 -0.245472 0.731749 61.807903 0.000000 0.000000 0.000000 1.000000
0.770366 0.015793 -0.637407 7.975389 0.143123 0.969899 0.197009 100.599022 0.621331 -0.242996 0.744916 62.346630 0.000000 0.000000 0.000000 1.000000
0.784746 0.012063 -0.619700 8.048624 0.140541 0.970306 0.196859 100.673767 0.603673 -0.241578 0.759749 62.903088 0.000000 0.000000 0.000000 1.000000
0.798193 0.008739 -0.602339 8.104751 0.138891 0.970286 0.198129 100.730904 0.586172 -0.241804 0.773261 63.482304 0.000000 0.000000 0.000000 1.000000
0.808702 0.005697 -0.588191 8.138168 0.138764 0.969883 0.200181 100.759209 0.571616 -0.243507 0.783556 64.084503 0.000000 0.000000 0.000000 1.000000
0.815924 0.003078 -0.578151 8.148102 0.139726 0.969294 0.202350 100.756790 0.561021 -0.245885 0.790441 64.717880 0.000000 0.000000 0.000000 1.000000
0.821003 0.001168 -0.570923 8.139544 0.140523 0.968820 0.204059 100.723579 0.553360 -0.247761 0.795240 65.387520 0.000000 0.000000 0.000000 1.000000
0.825666 -0.000352 -0.564159 8.114657 0.140307 0.968708 0.204739 100.653328 0.546434 -0.248202 0.799879 66.084999 0.000000 0.000000 0.000000 1.000000
0.831103 -0.002250 -0.556115 8.071466 0.139216 0.968993 0.204135 100.556198 0.538412 -0.247077 0.805646 66.797745 0.000000 0.000000 0.000000 1.000000
0.837235 -0.004961 -0.546821 8.006866 0.137981 0.969520 0.202466 100.435585 0.529149 -0.244963 0.812400 67.520576 0.000000 0.000000 0.000000 1.000000
0.842955 -0.008430 -0.537918 7.920967 0.137362 0.970109 0.200052 100.301437 0.520152 -0.242525 0.818916 68.259407 0.000000 0.000000 0.000000 1.000000
0.847007 -0.012352 -0.531438 7.814004 0.137873 0.970623 0.197184 100.145287 0.513391 -0.240287 0.823828 69.026222 0.000000 0.000000 0.000000 1.000000
0.849295 -0.016725 -0.527653 7.679033 0.139841 0.970922 0.194309 99.927887 0.509060 -0.238813 0.826938 69.851830 0.000000 0.000000 0.000000 1.000000
0.850548 -0.020615 -0.525493 7.529921 0.141927 0.971153 0.191620 99.682671 0.506384 -0.237564 0.828938 70.725563 0.000000 0.000000 0.000000 1.000000
0.851369 -0.024706 -0.523985 7.367182 0.144386 0.971343 0.188798 99.413101 0.504305 -0.236393 0.830539 71.651741 0.000000 0.000000 0.000000 1.000000
0.852074 -0.029950 -0.522563 7.188868 0.147701 0.971546 0.185154 99.110611 0.502149 -0.234948 0.832253 72.626694 0.000000 0.000000 0.000000 1.000000
0.853137 -0.036226 -0.520428 7.000310 0.151274 0.971904 0.180331 98.770752 0.499273 -0.232575 0.834647 73.642296 0.000000 0.000000 0.000000 1.000000
0.855016 -0.041866 -0.516910 6.813555 0.153366 0.972566 0.174910 98.399597 0.495406 -0.228827 0.837980 74.698570 0.000000 0.000000 0.000000 1.000000
0.857364 -0.044721 -0.512764 6.640763 0.152588 0.973519 0.170228 98.012543 0.491573 -0.224189 0.841484 75.801964 0.000000 0.000000 0.000000 1.000000
0.859020 -0.044097 -0.510039 6.484658 0.149407 0.974506 0.167380 97.620750 0.489655 -0.219986 0.843709 76.959846 0.000000 0.000000 0.000000 1.000000
0.859060 -0.040821 -0.510245 6.342056 0.145116 0.975340 0.166291 97.251289 0.490874 -0.216898 0.843800 78.159981 0.000000 0.000000 0.000000 1.000000
0.857707 -0.036616 -0.512833 6.161798 0.140824 0.976046 0.165837 96.926277 0.494476 -0.214459 0.842319 79.386032 0.000000 0.000000 0.000000 1.000000
0.856914 -0.033824 -0.514349 5.924462 0.137001 0.976900 0.164004 96.682846 0.496920 -0.211004 0.841753 80.619354 0.000000 0.000000 0.000000 1.000000
0.857281 -0.032228 -0.513840 5.690404 0.133174 0.977953 0.160849 96.502449 0.497327 -0.206323 0.842672 81.836517 0.000000 0.000000 0.000000 1.000000
0.858037 -0.031026 -0.512649 5.458591 0.129331 0.979060 0.157211 96.344742 0.497037 -0.201195 0.844082 83.043098 0.000000 0.000000 0.000000 1.000000
0.859121 -0.030169 -0.510882 5.226840 0.125502 0.980198 0.153167 96.204842 0.496145 -0.195706 0.845895 84.242638 0.000000 0.000000 0.000000 1.000000
0.860469 -0.029599 -0.508642 4.993972 0.121712 0.981350 0.148793 96.075989 0.494752 -0.189939 0.848023 85.438858 0.000000 0.000000 0.000000 1.000000
0.862015 -0.029222 -0.506040 4.759795 0.117938 0.982500 0.144166 95.954460 0.492972 -0.183954 0.850376 86.634140 0.000000 0.000000 0.000000 1.000000
0.863696 -0.028942 -0.503182 4.524249 0.114154 0.983640 0.139363 95.835007 0.490916 -0.177807 0.852869 87.830597 0.000000 0.000000 0.000000 1.000000
0.865489 -0.028270 -0.500130 4.285515 0.109869 0.984808 0.134466 95.689209 0.488731 -0.171328 0.855447 89.018463 0.000000 0.000000 0.000000 1.000000
0.867273 -0.027707 -0.497061 4.045280 0.105748 0.985918 0.129553 95.552361 0.486471 -0.164921 0.857990 90.215965 0.000000 0.000000 0.000000 1.000000
0.868983 -0.027226 -0.494093 3.802611 0.101827 0.986955 0.124705 95.419998 0.484252 -0.158678 0.860419 91.427002 0.000000 0.000000 0.000000 1.000000
0.870554 -0.026638 -0.491352 3.557993 0.097961 0.987929 0.120002 95.292397 0.482224 -0.152601 0.862655 92.649994 0.000000 0.000000 0.000000 1.000000
0.871933 -0.025692 -0.488951 3.311605 0.093919 0.988854 0.115525 95.171890 0.480534 -0.146652 0.864627 93.882439 0.000000 0.000000 0.000000 1.000000
0.873061 -0.024216 -0.487009 3.063135 0.089569 0.989736 0.111357 95.056435 0.479313 -0.140842 0.866269 95.124428 0.000000 0.000000 0.000000 1.000000
0.873676 -0.021819 -0.486019 2.806318 0.084682 0.990564 0.107757 94.953270 0.479082 -0.135302 0.867280 96.401245 0.000000 0.000000 0.000000 1.000000
0.873490 -0.018957 -0.486474 2.529572 0.079670 0.991337 0.104422 94.874702 0.480280 -0.129969 0.867433 97.756729 0.000000 0.000000 0.000000 1.000000
0.872024 -0.015743 -0.489210 2.250114 0.075943 0.991731 0.103454 94.835068 0.483536 -0.127366 0.866009 99.088730 0.000000 0.000000 0.000000 1.000000
0.869715 -0.011739 -0.493415 1.971550 0.073293 0.991704 0.105596 94.824387 0.488082 -0.128003 0.863360 100.324615 0.000000 0.000000 0.000000 1.000000
0.867153 -0.007283 -0.497989 1.689712 0.070812 0.991538 0.108804 94.822281 0.492982 -0.129613 0.860331 101.529907 0.000000 0.000000 0.000000 1.000000
0.864432 -0.002248 -0.502744 1.407122 0.068276 0.991250 0.112964 94.821251 0.498092 -0.131975 0.857022 102.695862 0.000000 0.000000 0.000000 1.000000
0.861674 0.003505 -0.507450 1.125741 0.065441 0.990859 0.117966 94.805199 0.503224 -0.134857 0.853568 103.808723 0.000000 0.000000 0.000000 1.000000
0.858943 0.009891 -0.511976 0.855022 0.062323 0.990361 0.123693 94.769142 0.508265 -0.138153 0.850047 104.874428 0.000000 0.000000 0.000000 1.000000
0.856251 0.016443 -0.516298 0.607132 0.059395 0.989730 0.130024 94.732529 0.513134 -0.141999 0.846481 105.914963 0.000000 0.000000 0.000000 1.000000
0.853724 0.024068 -0.520170 0.381622 0.055492 0.989038 0.136838 94.642845 0.517761 -0.145687 0.843030 106.917130 0.000000 0.000000 0.000000 1.000000
0.851223 0.031086 -0.523883 0.165482 0.052544 0.988180 0.144010 94.592514 0.522168 -0.150112 0.839528 107.926292 0.000000 0.000000 0.000000 1.000000
0.848738 0.037397 -0.527490 -0.047488 0.050609 0.987173 0.151418 94.586609 0.526387 -0.155210 0.835959 108.964775 0.000000 0.000000 0.000000 1.000000
0.846460 0.041755 -0.530812 -0.244404 0.051051 0.985963 0.158967 94.679733 0.529999 -0.161658 0.832447 110.008957 0.000000 0.000000 0.000000 1.000000
0.843928 0.043620 -0.534679 -0.358072 0.055775 0.984153 0.168322 94.952248 0.533548 -0.171874 0.828122 110.888138 0.000000 0.000000 0.000000 1.000000</float_array><technique_common><accessor source="#mixamorig_Hips-Matrix-animation-output-transform-array" count="99" stride="16"><param type="float4x4"/></accessor></technique_common></source><source id="mixamorig_Hips-Interpolations"><Name_array id="mixamorig_Hips-Interpolations-array" count="99">
 LINEAR LINEAR LINEAR LINEAR LINEAR LINEAR LINEAR LINEAR LINEAR LINEAR LINEAR
LINEAR LINEAR LINEAR LINEAR LINEAR LINEAR LINEAR LINEAR LINEAR LINEAR LINEAR LINEAR
LINEAR LINEAR LINEAR LINEAR LINEAR LINEAR LINEAR LINEAR LINEAR LINEAR LINEAR LINEAR
LINEAR LINEAR LINEAR LINEAR LINEAR LINEAR LINEAR LINEAR LINEAR LINEAR LINEAR LINEAR
LINEAR LINEAR LINEAR LINEAR LINEAR LINEAR LINEAR LINEAR LINEAR LINEAR LINEAR LINEAR
LINEAR LINEAR LINEAR LINEAR LINEAR LINEAR LINEAR LINEAR LINEAR LINEAR LINEAR LINEAR
LINEAR LINEAR LINEAR LINEAR LINEAR LINEAR LINEAR LINEAR LINEAR LINEAR LINEAR LINEAR
LINEAR LINEAR LINEAR LINEAR LINEAR LINEAR LINEAR LINEAR LINEAR LINEAR LINEAR LINEAR
LINEAR LINEAR LINEAR LINEAR</Name_array><technique_common><accessor source="#mixamorig_Hips-Interpolations-array" count="99"><param type="name"/></accessor></technique_common></source><sampler id="mixamorig_Hips-Matrix-animation-transform"><input semantic="INPUT" source="#mixamorig_Hips-Matrix-animation-input"/><input semantic="OUTPUT" source="#mixamorig_Hips-Matrix-animation-output-transform"/><input semantic="INTERPOLATION" source="#mixamorig_Hips-Interpolations"/></sampler><channel source="#mixamorig_Hips-Matrix-animation-transform" target="mixamorig_Hips/matrix"/></animation>
    <animation id="mixamorig_Spine-anim" name="mixamorig_Spine"><source id="mixamorig_Spine-Matrix-animation-input"><float_array id="mixamorig_Spine-Matrix-animation-input-array" count="99">

0.000000 0.033333 0.066667 0.100000 0.133333 0.166667 0.200000 0.233333 0.266667 0.300000 0.333333 0.366667 0.400000 0.433333 0.466667 0.500000
0.533333 0.566667 0.600000 0.633333 0.666667 0.700000 0.733333 0.766667 0.800000 0.833333 0.866667 0.900000 0.933333 0.966667 1.000000 1.033333
1.066667 1.100000 1.133333 1.166667 1.200000 1.233333 1.266667 1.300000 1.333333 1.366667 1.400000 1.433333 1.466667 1.500000 1.533333 1.566667
1.600000 1.633333 1.666667 1.700000 1.733333 1.766667 1.800000 1.833333 1.866667 1.900000 1.933333 1.966667 2.000000 2.033333 2.066667 2.100000
2.133333 2.166667 2.200000 2.233333 2.266667 2.300000 2.333333 2.366667 2.400000 2.433333 2.466667 2.500000 2.533333 2.566667 2.600000 2.633333
2.666667 2.700000 2.733333 2.766667 2.800000 2.833333 2.866667 2.900000 2.933333 2.966667 3.000000 3.033333 3.066667 3.100000 3.133333 3.166667
3.200000 3.233333 3.266667</float_array><technique_common><accessor source="#mixamorig_Spine-Matrix-animation-input-array" count="99"><param name="TIME" type="float"/></accessor></technique_common></source><source id="mixamorig_Spine-Matrix-animation-output-transform"><float_array id="mixamorig_Spine-Matrix-animation-output-transform-array" count="1584">

0.991484 -0.102420 -0.080439 -0.038100 0.081036 0.968714 -0.234575 9.490500 0.101948 0.226059 0.968764 -1.392100 0.000000 0.000000 0.000000 1.000000
0.992032 -0.100570 -0.075878 -0.038100 0.079602 0.967200 -0.241222 9.490500 0.097649 0.233260 0.967499 -1.392100 0.000000 0.000000 0.000000 1.000000
0.991253 -0.099095 -0.087166 -0.038100 0.075444 0.967384 -0.241821 9.490500 0.108287 0.233129 0.966398 -1.392100 0.000000 0.000000 0.000000 1.000000
0.990948 -0.095894 -0.093954 -0.038100 0.070611 0.967517 -0.242746 9.490500 0.114180 0.233915 0.965529 -1.392100 0.000000 0.000000 0.000000 1.000000
0.992167 -0.086379 -0.090245 -0.038100 0.062017 0.967688 -0.244406 9.490500 0.108441 0.236895 0.965464 -1.392100 0.000000 0.000000 0.000000 1.000000
0.993675 -0.077045 -0.081699 -0.038100 0.054646 0.967323 -0.247588 9.490500 0.098105 0.241558 0.965415 -1.392100 0.000000 0.000000 0.000000 1.000000
0.994997 -0.069196 -0.072058 -0.038100 0.049163 0.967052 -0.249789 9.490500 0.086968 0.244996 0.965615 -1.392100 0.000000 0.000000 0.000000 1.000000
0.995672 -0.063250 -0.068088 -0.038100 0.044490 0.967658 -0.248313 9.490500 0.081591 0.244209 0.966284 -1.392100 0.000000 0.000000 0.000000 1.000000
0.995968 -0.058246 -0.068225 -0.038100 0.039881 0.968741 -0.244849 9.490500 0.080354 0.241141 0.967158 -1.392100 0.000000 0.000000 0.000000 1.000000
0.996211 -0.053760 -0.068367 -0.038100 0.035710 0.969597 -0.242090 9.490500 0.079303 0.238731 0.967842 -1.392100 0.000000 0.000000 0.000000 1.000000
0.996424 -0.050336 -0.067859 -0.038100 0.032633 0.970116 -0.240437 9.490500 0.077933 0.237363 0.968290 -1.392100 0.000000 0.000000 0.000000 1.000000
0.996667 -0.046878 -0.066756 -0.038100 0.029617 0.970490 -0.239317 9.490500 0.076005 0.236543 0.968644 -1.392100 0.000000 0.000000 0.000000 1.000000
0.996949 -0.042138 -0.065700 -0.038100 0.025355 0.970937 -0.237990 9.490500 0.073819 0.235598 0.969043 -1.392100 0.000000 0.000000 0.000000 1.000000
0.997282 -0.035795 -0.064407 -0.038100 0.019596 0.971440 -0.236475 9.490500 0.071032 0.234570 0.969500 -1.392100 0.000000 0.000000 0.000000 1.000000
0.997685 -0.029744 -0.061148 -0.038100 0.014531 0.971742 -0.235599 9.490500 0.066428 0.234165 0.969925 -1.392100 0.000000 0.000000 0.000000 1.000000
0.998128 -0.027242 -0.054754 -0.038100 0.013568 0.971637 -0.236090 9.490500 0.059632 0.234905 0.970187 -1.392100 0.000000 0.000000 0.000000 1.000000
0.998538 -0.027548 -0.046513 -0.038100 0.015722 0.971210 -0.237707 9.490500 0.051723 0.236628 0.970223 -1.392100 0.000000 0.000000 0.000000 1.000000
0.998812 -0.029945 -0.038436 -0.038100 0.019890 0.970719 -0.239392 9.490500 0.044479 0.238343 0.970162 -1.392100 0.000000 0.000000 0.000000 1.000000
0.998931 -0.033162 -0.032206 -0.038100 0.024492 0.970546 -0.239667 9.490500 0.039206 0.238622 0.970321 -1.392100 0.000000 0.000000 0.000000 1.000000
0.998912 -0.036829 -0.028613 -0.038100 0.028976 0.970830 -0.238011 9.490500 0.036544 0.236923 0.970841 -1.392100 0.000000 0.000000 0.000000 1.000000
0.998781 -0.041199 -0.027197 -0.038100 0.033643 0.971234 -0.235737 9.490500 0.036127 0.234534 0.971436 -1.392100 0.000000 0.000000 0.000000 1.000000
0.998597 -0.045861 -0.026483 -0.038100 0.038387 0.971332 -0.234607 9.490500 0.036484 0.233261 0.971730 -1.392100 0.000000 0.000000 0.000000 1.000000
0.998455 -0.049600 -0.025050 -0.038100 0.042346 0.971088 -0.234936 9.490500 0.035978 0.233513 0.971688 -1.392100 0.000000 0.000000 0.000000 1.000000
0.998436 -0.051274 -0.022303 -0.038100 0.044589 0.970800 -0.235709 9.490500 0.033737 0.234345 0.971568 -1.392100 0.000000 0.000000 0.000000 1.000000
0.998543 -0.050728 -0.018393 -0.038100 0.044968 0.970721 -0.235962 9.490500 0.029824 0.234791 0.971588 -1.392100 0.000000 0.000000 0.000000 1.000000
0.998715 -0.048798 -0.013651 -0.038100 0.044221 0.970891 -0.235404 9.490500 0.024741 0.234498 0.971802 -1.392100 0.000000 0.000000 0.000000 1.000000
0.998881 -0.046630 -0.007874 -0.038100 0.043495 0.971250 -0.234054 9.490500 0.018562 0.233450 0.972192 -1.392100 0.000000 0.000000 0.000000 1.000000
0.998964 -0.045499 -0.000465 -0.038100 0.044149 0.971701 -0.232054 9.490500 0.011011 0.231793 0.972703 -1.392100 0.000000 0.000000 0.000000 1.000000
0.998918 -0.045855 0.007818 -0.038100 0.046424 0.972138 -0.229767 9.490500 0.002936 0.229881 0.973214 -1.392100 0.000000 0.000000 0.000000 1.000000
0.998777 -0.047150 0.014882 -0.038100 0.049301 0.972512 -0.227573 9.490500 -0.003743 0.228028 0.973647 -1.392100 0.000000 0.000000 0.000000 1.000000
0.998606 -0.048824 0.020042 -0.038100 0.052090 0.972860 -0.225455 9.490500 -0.008491 0.226185 0.974047 -1.392100 0.000000 0.000000 0.000000 1.000000
0.998387 -0.051259 0.024400 -0.038100 0.055419 0.973226 -0.223067 9.490500 -0.012313 0.224060 0.974498 -1.392100 0.000000 0.000000 0.000000 1.000000
0.998066 -0.055338 0.028318 -0.038100 0.060228 0.973608 -0.220136 9.490500 -0.015389 0.221416 0.975058 -1.392100 0.000000 0.000000 0.000000 1.000000
0.997642 -0.061253 0.030969 -0.038100 0.066525 0.973982 -0.216640 9.490500 -0.016893 0.218189 0.975760 -1.392100 0.000000 0.000000 0.000000 1.000000
0.997162 -0.067964 0.032394 -0.038100 0.073324 0.974314 -0.212921 9.490500 -0.017091 0.214692 0.976532 -1.392100 0.000000 0.000000 0.000000 1.000000
0.996710 -0.073676 0.033783 -0.038100 0.079144 0.974585 -0.209571 9.490500 -0.017484 0.211555 0.977210 -1.392100 0.000000 0.000000 0.000000 1.000000
0.996389 -0.077179 0.035375 -0.038100 0.082858 0.974827 -0.206996 9.490500 -0.018509 0.209180 0.977702 -1.392100 0.000000 0.000000 0.000000 1.000000
0.996254 -0.078612 0.036018 -0.038100 0.084361 0.975068 -0.205246 9.490500 -0.018986 0.207516 0.978047 -1.392100 0.000000 0.000000 0.000000 1.000000
0.996289 -0.078587 0.035115 -0.038100 0.084131 0.975286 -0.204304 9.490500 -0.018192 0.206500 0.978277 -1.392100 0.000000 0.000000 0.000000 1.000000
0.996458 -0.077242 0.033237 -0.038100 0.082424 0.975465 -0.204143 9.490500 -0.016654 0.206160 0.978377 -1.392100 0.000000 0.000000 0.000000 1.000000
0.996766 -0.074276 0.030659 -0.038100 0.078997 0.975639 -0.204666 9.490500 -0.014710 0.206426 0.978352 -1.392100 0.000000 0.000000 0.000000 1.000000
0.997246 -0.069124 0.026881 -0.038100 0.073192 0.975796 -0.206073 9.490500 -0.011986 0.207472 0.978167 -1.392100 0.000000 0.000000 0.000000 1.000000
0.997823 -0.062343 0.021522 -0.038100 0.065468 0.975767 -0.208787 9.490500 -0.007984 0.209741 0.977724 -1.392100 0.000000 0.000000 0.000000 1.000000
0.998271 -0.056913 0.014701 -0.038100 0.058738 0.975388 -0.212528 9.490500 -0.002244 0.213024 0.977044 -1.392100 0.000000 0.000000 0.000000 1.000000
0.998538 -0.053599 0.006991 -0.038100 0.053842 0.974898 -0.216043 9.490500 0.004764 0.216103 0.976359 -1.392100 0.000000 0.000000 0.000000 1.000000
0.998687 -0.051213 -0.000911 -0.038100 0.049783 0.974668 -0.218046 9.490500 0.012055 0.217714 0.975938 -1.392100 0.000000 0.000000 0.000000 1.000000
0.998789 -0.048571 -0.007818 -0.038100 0.045688 0.974708 -0.218764 9.490500 0.018246 0.218142 0.975747 -1.392100 0.000000 0.000000 0.000000 1.000000
0.998808 -0.047048 -0.012972 -0.038100 0.043057 0.974634 -0.219625 9.490500 0.022976 0.218805 0.975498 -1.392100 0.000000 0.000000 0.000000 1.000000
0.998732 -0.047345 -0.017097 -0.038100 0.042395 0.974261 -0.221402 9.490500 0.027139 0.220396 0.975033 -1.392100 0.000000 0.000000 0.000000 1.000000
0.998527 -0.049296 -0.022673 -0.038100 0.043006 0.973807 -0.223272 9.490500 0.033085 0.221968 0.974492 -1.392100 0.000000 0.000000 0.000000 1.000000
0.998118 -0.052297 -0.032010 -0.038100 0.043818 0.973547 -0.224247 9.490500 0.042891 0.222422 0.974007 -1.392100 0.000000 0.000000 0.000000 1.000000
0.997442 -0.055579 -0.044947 -0.038100 0.044124 0.973463 -0.224550 9.490500 0.056235 0.221992 0.973425 -1.392100 0.000000 0.000000 0.000000 1.000000
0.996532 -0.058571 -0.059110 -0.038100 0.043854 0.973340 -0.225135 9.490500 0.070720 0.221762 0.972533 -1.392100 0.000000 0.000000 0.000000 1.000000
0.995556 -0.061002 -0.071740 -0.038100 0.043304 0.973056 -0.226465 9.490500 0.083622 0.222352 0.971374 -1.392100 0.000000 0.000000 0.000000 1.000000
0.994745 -0.062647 -0.080978 -0.038100 0.042682 0.972680 -0.228191 9.490500 0.093061 0.223536 0.970243 -1.392100 0.000000 0.000000 0.000000 1.000000
0.994211 -0.063641 -0.086569 -0.038100 0.042246 0.972357 -0.229647 9.490500 0.098791 0.224660 0.969416 -1.392100 0.000000 0.000000 0.000000 1.000000
0.993830 -0.064793 -0.090024 -0.038100 0.042526 0.972203 -0.230244 9.490500 0.102439 0.224995 0.968960 -1.392100 0.000000 0.000000 0.000000 1.000000
0.993374 -0.066723 -0.093570 -0.038100 0.043687 0.972317 -0.229543 9.490500 0.106295 0.223935 0.968790 -1.392100 0.000000 0.000000 0.000000 1.000000
0.992724 -0.069099 -0.098612 -0.038100 0.045128 0.972769 -0.227341 9.490500 0.111636 0.221237 0.968810 -1.392100 0.000000 0.000000 0.000000 1.000000
0.991961 -0.070983 -0.104756 -0.038100 0.046035 0.973554 -0.223770 9.490500 0.117869 0.217149 0.968996 -1.392100 0.000000 0.000000 0.000000 1.000000
0.991340 -0.071173 -0.110362 -0.038100 0.045573 0.974622 -0.219169 9.490500 0.123160 0.212241 0.969425 -1.392100 0.000000 0.000000 0.000000 1.000000
0.991076 -0.069485 -0.113758 -0.038100 0.043818 0.975790 -0.214275 9.490500 0.125893 0.207378 0.970126 -1.392100 0.000000 0.000000 0.000000 1.000000
0.991151 -0.066393 -0.114939 -0.038100 0.041088 0.976848 -0.209951 9.490500 0.126217 0.203371 0.970932 -1.392100 0.000000 0.000000 0.000000 1.000000
0.991379 -0.063399 -0.114665 -0.038100 0.038612 0.977640 -0.206712 9.490500 0.125206 0.200503 0.971659 -1.392100 0.000000 0.000000 0.000000 1.000000
0.991638 -0.060383 -0.114055 -0.038100 0.036126 0.978333 -0.203860 9.490500 0.123894 0.198035 0.972333 -1.392100 0.000000 0.000000 0.000000 1.000000
0.991824 -0.057007 -0.114169 -0.038100 0.033256 0.979223 -0.200040 9.490500 0.123201 0.194608 0.973113 -1.392100 0.000000 0.000000 0.000000 1.000000
0.991838 -0.053767 -0.115613 -0.038100 0.030459 0.980401 -0.194646 9.490500 0.123812 0.189535 0.974036 -1.392100 0.000000 0.000000 0.000000 1.000000
0.991657 -0.052102 -0.117906 -0.038100 0.029135 0.981599 -0.188716 9.490500 0.125569 0.183707 0.974928 -1.392100 0.000000 0.000000 0.000000 1.000000
0.991396 -0.053240 -0.119578 -0.038100 0.030524 0.982391 -0.184328 9.490500 0.127285 0.179093 0.975564 -1.392100 0.000000 0.000000 0.000000 1.000000
0.991222 -0.056777 -0.119393 -0.038100 0.034265 0.982556 -0.182781 9.490500 0.127688 0.177086 0.975877 -1.392100 0.000000 0.000000 0.000000 1.000000
0.991203 -0.061379 -0.117254 -0.038100 0.039119 0.982244 -0.183483 9.490500 0.126434 0.177282 0.976005 -1.392100 0.000000 0.000000 0.000000 1.000000
0.991274 -0.065566 -0.114353 -0.038100 0.043664 0.981869 -0.184465 9.490500 0.124374 0.177862 0.976164 -1.392100 0.000000 0.000000 0.000000 1.000000
0.991215 -0.068493 -0.113141 -0.038100 0.046874 0.981857 -0.183741 9.490500 0.123673 0.176823 0.976442 -1.392100 0.000000 0.000000 0.000000 1.000000
0.991005 -0.071219 -0.113296 -0.038100 0.049738 0.981998 -0.182228 9.490500 0.124235 0.174953 0.976707 -1.392100 0.000000 0.000000 0.000000 1.000000
0.990743 -0.073880 -0.113887 -0.038100 0.052501 0.982185 -0.180434 9.490500 0.125189 0.172785 0.976971 -1.392100 0.000000 0.000000 0.000000 1.000000
0.990435 -0.076464 -0.114853 -0.038100 0.055155 0.982408 -0.178414 9.490500 0.126475 0.170373 0.977229 -1.392100 0.000000 0.000000 0.000000 1.000000
0.990089 -0.078967 -0.116136 -0.038100 0.057703 0.982658 -0.176221 9.490500 0.128038 0.167773 0.977476 -1.392100 0.000000 0.000000 0.000000 1.000000
0.989710 -0.081426 -0.117661 -0.038100 0.060192 0.982920 -0.173912 9.490500 0.129812 0.165040 0.977707 -1.392100 0.000000 0.000000 0.000000 1.000000
0.989301 -0.083888 -0.119356 -0.038100 0.062673 0.983181 -0.171544 9.490500 0.131740 0.162228 0.977920 -1.392100 0.000000 0.000000 0.000000 1.000000
0.988829 -0.086860 -0.121129 -0.038100 0.065652 0.983388 -0.169225 9.490500 0.133816 0.159382 0.978106 -1.392100 0.000000 0.000000 0.000000 1.000000
0.988351 -0.089692 -0.122952 -0.038100 0.068493 0.983586 -0.166935 9.490500 0.135906 0.156569 0.978272 -1.392100 0.000000 0.000000 0.000000 1.000000
0.987879 -0.092363 -0.124757 -0.038100 0.071176 0.983769 -0.164722 9.490500 0.137947 0.153845 0.978418 -1.392100 0.000000 0.000000 0.000000 1.000000
0.987412 -0.095031 -0.126441 -0.038100 0.073866 0.983915 -0.162651 9.490500 0.139864 0.151264 0.978549 -1.392100 0.000000 0.000000 0.000000 1.000000
0.986940 -0.097936 -0.127902 -0.038100 0.076805 0.983994 -0.160799 9.490500 0.141603 0.148876 0.978665 -1.392100 0.000000 0.000000 0.000000 1.000000
0.986458 -0.101224 -0.129053 -0.038100 0.080139 0.983983 -0.159232 9.490500 0.143104 0.146733 0.978770 -1.392100 0.000000 0.000000 0.000000 1.000000
0.985965 -0.105147 -0.129681 -0.038100 0.084094 0.983802 -0.158308 9.490500 0.144226 0.145180 0.978837 -1.392100 0.000000 0.000000 0.000000 1.000000
0.985491 -0.109524 -0.129665 -0.038100 0.088660 0.983613 -0.156984 9.490500 0.144734 0.143210 0.979052 -1.392100 0.000000 0.000000 0.000000 1.000000
0.985437 -0.112120 -0.127840 -0.038100 0.091458 0.983292 -0.157390 9.490500 0.143351 0.143406 0.979227 -1.392100 0.000000 0.000000 0.000000 1.000000
0.985814 -0.112705 -0.124370 -0.038100 0.092033 0.982656 -0.160987 9.490500 0.140357 0.147257 0.979089 -1.392100 0.000000 0.000000 0.000000 1.000000
0.986288 -0.112907 -0.120364 -0.038100 0.092186 0.981867 -0.165646 9.490500 0.136884 0.152278 0.978813 -1.392100 0.000000 0.000000 0.000000 1.000000
0.986805 -0.112990 -0.115972 -0.038100 0.092189 0.980905 -0.171252 9.490500 0.133108 0.158301 0.978378 -1.392100 0.000000 0.000000 0.000000 1.000000
0.987305 -0.113236 -0.111387 -0.038100 0.092323 0.979746 -0.177690 9.490500 0.129252 0.165150 0.977762 -1.392100 0.000000 0.000000 0.000000 1.000000
0.987771 -0.113663 -0.106725 -0.038100 0.092616 0.978399 -0.184816 9.490500 0.125426 0.172671 0.976961 -1.392100 0.000000 0.000000 0.000000 1.000000
0.988243 -0.113825 -0.102073 -0.038100 0.092644 0.976925 -0.192444 9.490500 0.121622 0.180725 0.975985 -1.392100 0.000000 0.000000 0.000000 1.000000
0.988584 -0.114907 -0.097461 -0.038100 0.093582 0.975206 -0.200537 9.490500 0.118087 0.189127 0.974826 -1.392100 0.000000 0.000000 0.000000 1.000000
0.989012 -0.114995 -0.092903 -0.038100 0.093576 0.973474 -0.208786 9.490500 0.114448 0.197799 0.973539 -1.392100 0.000000 0.000000 0.000000 1.000000
0.989540 -0.114039 -0.088355 -0.038100 0.092609 0.971755 -0.217061 9.490500 0.110613 0.206608 0.972151 -1.392100 0.000000 0.000000 0.000000 1.000000
0.990267 -0.110713 -0.084341 -0.038100 0.089298 0.970228 -0.225129 9.490500 0.106755 0.215406 0.970672 -1.392100 0.000000 0.000000 0.000000 1.000000
0.991484 -0.102419 -0.080439 -0.038100 0.081036 0.968715 -0.234575 9.490500 0.101948 0.226059 0.968764 -1.392100 0.000000 0.000000 0.000000 1.000000</float_array><technique_common><accessor source="#mixamorig_Spine-Matrix-animation-output-transform-array" count="99" stride="16"><param type="float4x4"/></accessor></technique_common></source><source id="mixamorig_Spine-Interpolations"><Name_array id="mixamorig_Spine-Interpolations-array" count="99">
 LINEAR LINEAR LINEAR LINEAR LINEAR LINEAR LINEAR LINEAR LINEAR LINEAR LINEAR
LINEAR LINEAR LINEAR LINEAR LINEAR LINEAR LINEAR LINEAR LINEAR LINEAR LINEAR LINEAR
LINEAR LINEAR LINEAR LINEAR LINEAR LINEAR LINEAR LINEAR LINEAR LINEAR LINEAR LINEAR
LINEAR LINEAR LINEAR LINEAR LINEAR LINEAR LINEAR LINEAR LINEAR LINEAR LINEAR LINEAR
LINEAR LINEAR LINEAR LINEAR LINEAR LINEAR LINEAR LINEAR LINEAR LINEAR LINEAR LINEAR
LINEAR LINEAR LINEAR LINEAR LINEAR LINEAR LINEAR LINEAR LINEAR LINEAR LINEAR LINEAR
LINEAR LINEAR LINEAR LINEAR LINEAR LINEAR LINEAR LINEAR LINEAR LINEAR LINEAR LINEAR
LINEAR LINEAR LINEAR LINEAR LINEAR LINEAR LINEAR LINEAR LINEAR LINEAR LINEAR LINEAR
LINEAR LINEAR LINEAR LINEAR</Name_array><technique_common><accessor source="#mixamorig_Spine-Interpolations-array" count="99"><param type="name"/></accessor></technique_common></source><sampler id="mixamorig_Spine-Matrix-animation-transform"><input semantic="INPUT" source="#mixamorig_Spine-Matrix-animation-input"/><input semantic="OUTPUT" source="#mixamorig_Spine-Matrix-animation-output-transform"/><input semantic="INTERPOLATION" source="#mixamorig_Spine-Interpolations"/></sampler><channel source="#mixamorig_Spine-Matrix-animation-transform" target="mixamorig_Spine/matrix"/></animation>
    <animation id="mixamorig_Spine1-anim" name="mixamorig_Spine1"><source id="mixamorig_Spine1-Matrix-animation-input"><float_array id="mixamorig_Spine1-Matrix-animation-input-array" count="99">

0.000000 0.033333 0.066667 0.100000 0.133333 0.166667 0.200000 0.233333 0.266667 0.300000 0.333333 0.366667 0.400000 0.433333 0.466667 0.500000
0.533333 0.566667 0.600000 0.633333 0.666667 0.700000 0.733333 0.766667 0.800000 0.833333 0.866667 0.900000 0.933333 0.966667 1.000000 1.033333
1.066667 1.100000 1.133333 1.166667 1.200000 1.233333 1.266667 1.300000 1.333333 1.366667 1.400000 1.433333 1.466667 1.500000 1.533333 1.566667
1.600000 1.633333 1.666667 1.700000 1.733333 1.766667 1.800000 1.833333 1.866667 1.900000 1.933333 1.966667 2.000000 2.033333 2.066667 2.100000
2.133333 2.166667 2.200000 2.233333 2.266667 2.300000 2.333333 2.366667 2.400000 2.433333 2.466667 2.500000 2.533333 2.566667 2.600000 2.633333
2.666667 2.700000 2.733333 2.766667 2.800000 2.833333 2.866667 2.900000 2.933333 2.966667 3.000000 3.033333 3.066667 3.100000 3.133333 3.166667
3.200000 3.233333 3.266667</float_array><technique_common><accessor source="#mixamorig_Spine1-Matrix-animation-input-array" count="99"><param name="TIME" type="float"/></accessor></technique_common></source><source id="mixamorig_Spine1-Matrix-animation-output-transform"><float_array id="mixamorig_Spine1-Matrix-animation-output-transform-array" count="1584">

0.999060 -0.014423 -0.040870 -0.044200 0.012981 0.999292 -0.035327 11.072300 0.041350 0.034763 0.998540 -1.624100 0.000000 0.000000 0.000000 1.000000
0.999101 -0.014266 -0.039915 -0.044200 0.012822 0.999262 -0.036198 11.072300 0.040402 0.035654 0.998547 -1.624100 0.000000 0.000000 0.000000 1.000000
0.997438 -0.021234 -0.068308 -0.044200 0.018983 0.999260 -0.033445 11.072300 0.068967 0.032062 0.997104 -1.624100 0.000000 0.000000 0.000000 1.000000
0.995858 -0.025681 -0.087223 -0.044200 0.022980 0.999229 -0.031831 11.072300 0.087973 0.029694 0.995680 -1.624100 0.000000 0.000000 0.000000 1.000000
0.996287 -0.023735 -0.082758 -0.044200 0.021105 0.999249 -0.032507 11.072300 0.083467 0.030639 0.996039 -1.624100 0.000000 0.000000 0.000000 1.000000
0.997631 -0.018851 -0.066158 -0.044200 0.016589 0.999264 -0.034580 11.072300 0.066761 0.033401 0.997210 -1.624100 0.000000 0.000000 0.000000 1.000000
0.998831 -0.013417 -0.046432 -0.044200 0.011706 0.999249 -0.036935 11.072300 0.046893 0.036348 0.998238 -1.624100 0.000000 0.000000 0.000000 1.000000
0.999203 -0.011053 -0.038359 -0.044200 0.009607 0.999243 -0.037687 11.072300 0.038747 0.037289 0.998553 -1.624100 0.000000 0.000000 0.000000 1.000000
0.999203 -0.010832 -0.038413 -0.044200 0.009397 0.999259 -0.037335 11.072300 0.038789 0.036944 0.998564 -1.624100 0.000000 0.000000 0.000000 1.000000
0.999204 -0.010780 -0.038416 -0.044200 0.009356 0.999269 -0.037054 11.072300 0.038787 0.036665 0.998575 -1.624100 0.000000 0.000000 0.000000 1.000000
0.999207 -0.010778 -0.038325 -0.044200 0.009365 0.999276 -0.036867 11.072300 0.038695 0.036479 0.998585 -1.624100 0.000000 0.000000 0.000000 1.000000
0.999215 -0.010732 -0.038134 -0.044200 0.009332 0.999283 -0.036699 11.072300 0.038501 0.036314 0.998599 -1.624100 0.000000 0.000000 0.000000 1.000000
0.999225 -0.010503 -0.037942 -0.044200 0.009115 0.999289 -0.036589 11.072300 0.038299 0.036214 0.998610 -1.624100 0.000000 0.000000 0.000000 1.000000
0.999241 -0.010002 -0.037655 -0.044200 0.008625 0.999295 -0.036549 11.072300 0.037994 0.036196 0.998622 -1.624100 0.000000 0.000000 0.000000 1.000000
0.999271 -0.009502 -0.036966 -0.044200 0.008151 0.999299 -0.036541 11.072300 0.037288 0.036213 0.998648 -1.624100 0.000000 0.000000 0.000000 1.000000
0.999317 -0.009333 -0.035741 -0.044200 0.008025 0.999299 -0.036553 11.072300 0.036058 0.036242 0.998692 -1.624100 0.000000 0.000000 0.000000 1.000000
0.999369 -0.009529 -0.034217 -0.044200 0.008276 0.999297 -0.036565 11.072300 0.034541 0.036259 0.998745 -1.624100 0.000000 0.000000 0.000000 1.000000
0.999414 -0.009914 -0.032777 -0.044200 0.008714 0.999294 -0.036546 11.072300 0.033116 0.036239 0.998794 -1.624100 0.000000 0.000000 0.000000 1.000000
