<?xml version="1.0" encoding="utf-8"?>
<COLLADA xmlns="http://www.collada.org/2005/11/COLLADASchema" version="1.4.1">
  <asset><contributor><author>Mixamo</author><authoring_tool>COLLADA Mixamo exporter</authoring_tool><comments></comments></contributor><created>2018-10-06T11:32:40Z</created><modified>2018-10-06T11:32:40Z</modified><revision></revision><title></title><unit meter="0.010000"/><up_axis>Y_UP</up_axis></asset>
  <library_animations>
    <animation id="mixamorig_Hips-anim" name="mixamorig_Hips"><source id="mixamorig_Hips-Matrix-animation-input"><float_array id="mixamorig_Hips-Matrix-animation-input-array" count="40">

0.000000 0.033333 0.066667 0.100000 0.133333 0.166667 0.200000 0.233333 0.266667 0.300000 0.333333 0.366667 0.400000 0.433333 0.466667 0.500000
0.533333 0.566667 0.600000 0.633333 0.666667 0.700000 0.733333 0.766667 0.800000 0.833333 0.866667 0.900000 0.933333 0.966667 1.000000 1.033333
1.066667 1.100000 1.133333 1.166667 1.200000 1.233333 1.266667 1.300000</float_array><technique_common><accessor source="#mixamorig_Hips-Matrix-animation-input-array" count="40"><param name="TIME" type="float"/></accessor></technique_common></source><source id="mixamorig_Hips-Matrix-animation-output-transform"><float_array id="mixamorig_Hips-Matrix-animation-output-transform-array" count="640">

0.998041 -0.011828 0.061443 0.266371 0.006767 0.996615 0.081926 103.474258 -0.062204 -0.081350 0.994743 0.911986 0.000000 0.000000 0.000000 1.000000
0.998644 -0.023181 0.046613 0.437536 0.019476 0.996729 0.078431 104.038841 -0.048279 -0.077417 0.995829 4.613162 0.000000 0.000000 0.000000 1.000000
0.998870 -0.031506 0.035589 0.602587 0.028895 0.997014 0.071618 104.298737 -0.037739 -0.070508 0.996797 8.209098 0.000000 0.000000 0.000000 1.000000
0.998856 -0.038264 0.028674 0.711512 0.036384 0.997323 0.063420 104.313164 -0.031024 -0.062305 0.997575 11.868176 0.000000 0.000000 0.000000 1.000000
0.998883 -0.042514 0.020628 0.846230 0.041269 0.997496 0.057437 104.166061 -0.023019 -0.056521 0.998136 15.494134 0.000000 0.000000 0.000000 1.000000
0.999019 -0.043576 0.007938 0.987618 0.043078 0.997571 0.054733 103.609924 -0.010304 -0.054338 0.998469 19.434273 0.000000 0.000000 0.000000 1.000000
0.999103 -0.041832 -0.006540 1.158612 0.042114 0.997784 0.051508 102.830345 0.004371 -0.051737 0.998651 23.534092 0.000000 0.000000 0.000000 1.000000
0.998808 -0.044938 -0.019034 1.468046 0.045813 0.997779 0.048346 101.998917 0.016820 -0.049160 0.998649 27.799978 0.000000 0.000000 0.000000 1.000000
0.998307 -0.049462 -0.030616 1.826695 0.050822 0.997677 0.045356 101.134239 0.028302 -0.046835 0.998502 32.145309 0.000000 0.000000 0.000000 1.000000
0.997621 -0.055014 -0.041545 2.218031 0.056786 0.997471 0.042750 100.308418 0.039089 -0.045007 0.998222 36.557381 0.000000 0.000000 0.000000 1.000000
0.996693 -0.062142 -0.052368 2.627676 0.064308 0.997098 0.040746 99.475029 0.049684 -0.043979 0.997796 40.990395 0.000000 0.000000 0.000000 1.000000
0.995243 -0.073677 -0.063742 3.065730 0.076326 0.996274 0.040162 98.588150 0.060545 -0.044836 0.997158 45.392609 0.000000 0.000000 0.000000 1.000000
0.993470 -0.088098 -0.072496 3.556423 0.091259 0.994961 0.041514 97.853706 0.068474 -0.047859 0.996504 49.686840 0.000000 0.000000 0.000000 1.000000
0.992174 -0.101178 -0.073171 4.124508 0.104724 0.993420 0.046356 97.308426 0.068000 -0.053656 0.996241 53.742516 0.000000 0.000000 0.000000 1.000000
0.991094 -0.112606 -0.071083 4.682572 0.116397 0.991859 0.051641 97.259789 0.064689 -0.059455 0.996133 57.616165 0.000000 0.000000 0.000000 1.000000
0.990713 -0.119345 -0.065144 5.095055 0.123073 0.990784 0.056565 97.830215 0.057793 -0.064057 0.996271 61.437298 0.000000 0.000000 0.000000 1.000000
0.991745 -0.117459 -0.051432 5.350081 0.120582 0.990732 0.062534 98.817062 0.043610 -0.068219 0.996717 65.325249 0.000000 0.000000 0.000000 1.000000
0.993275 -0.110079 -0.035871 5.519834 0.112361 0.991238 0.069447 99.937378 0.027912 -0.073010 0.996941 69.229179 0.000000 0.000000 0.000000 1.000000
0.994894 -0.099491 -0.016970 5.659747 0.100472 0.992255 0.073038 100.987953 0.009572 -0.074370 0.997185 73.203720 0.000000 0.000000 0.000000 1.000000
0.995992 -0.089272 0.005578 5.707869 0.088664 0.993590 0.070127 101.628349 -0.011803 -0.069351 0.997523 77.009727 0.000000 0.000000 0.000000 1.000000
0.996573 -0.078344 0.026562 5.761930 0.076428 0.994837 0.066765 102.015884 -0.031655 -0.064506 0.997415 80.822472 0.000000 0.000000 0.000000 1.000000
0.996775 -0.067207 0.043843 5.786129 0.064381 0.995937 0.062972 102.275925 -0.047897 -0.059946 0.997052 84.562920 0.000000 0.000000 0.000000 1.000000
0.996763 -0.058879 0.054743 5.737916 0.055680 0.996749 0.058231 102.240303 -0.057994 -0.054995 0.996801 88.273422 0.000000 0.000000 0.000000 1.000000
0.996595 -0.053991 0.062324 5.643999 0.050699 0.997294 0.053246 102.050224 -0.065030 -0.049905 0.996635 92.030174 0.000000 0.000000 0.000000 1.000000
0.996220 -0.052248 0.069395 5.498090 0.048904 0.997599 0.049041 101.680763 -0.071790 -0.045462 0.996383 95.865196 0.000000 0.000000 0.000000 1.000000
0.995404 -0.053257 0.079594 5.316916 0.049591 0.997647 0.047348 101.056190 -0.081928 -0.043183 0.995702 99.943710 0.000000 0.000000 0.000000 1.000000
0.993973 -0.055705 0.094415 5.106417 0.051432 0.997565 0.047095 100.303177 -0.096809 -0.041956 0.994418 104.214592 0.000000 0.000000 0.000000 1.000000
0.991855 -0.058147 0.113325 4.834267 0.053297 0.997548 0.045365 99.596130 -0.115685 -0.038956 0.992522 108.614273 0.000000 0.000000 0.000000 1.000000
0.989855 -0.054414 0.131252 4.470912 0.048789 0.997763 0.045698 99.115379 -0.133445 -0.038831 0.990295 113.084221 0.000000 0.000000 0.000000 1.000000
0.988726 -0.044844 0.142865 4.011784 0.037909 0.997984 0.050903 98.892838 -0.144860 -0.044913 0.988432 117.600121 0.000000 0.000000 0.000000 1.000000
0.988083 -0.034935 0.149904 3.498589 0.026386 0.997930 0.058646 98.874672 -0.151642 -0.053991 0.986960 122.216301 0.000000 0.000000 0.000000 1.000000
0.987721 -0.023029 0.154519 2.966744 0.012734 0.997652 0.067288 98.958946 -0.155706 -0.064494 0.985696 126.754341 0.000000 0.000000 0.000000 1.000000
0.988093 -0.013632 0.153255 2.477085 0.002115 0.997177 0.075063 99.253250 -0.153845 -0.073845 0.985332 131.071060 0.000000 0.000000 0.000000 1.000000
0.988665 -0.006183 0.150011 2.018191 -0.006285 0.996572 0.082495 99.423073 -0.150007 -0.082502 0.985237 135.343674 0.000000 0.000000 0.000000 1.000000
0.989479 0.000529 0.144678 1.596729 -0.013590 0.995912 0.089301 99.624260 -0.144040 -0.090327 0.985441 139.548843 0.000000 0.000000 0.000000 1.000000
0.990569 0.005596 0.136900 1.198682 -0.018782 0.995279 0.095222 100.026756 -0.135721 -0.096895 0.985998 143.750793 0.000000 0.000000 0.000000 1.000000
0.992408 0.006356 0.122827 0.866659 -0.018538 0.994985 0.098289 100.750092 -0.121586 -0.099819 0.987549 147.850967 0.000000 0.000000 0.000000 1.000000
0.994696 0.003225 0.102806 0.586995 -0.013164 0.995281 0.096139 101.689682 -0.102011 -0.096982 0.990045 151.819489 0.000000 0.000000 0.000000 1.000000
0.996729 -0.003055 0.080755 0.378486 -0.004387 0.995767 0.091814 102.702614 -0.080694 -0.091868 0.992496 155.534332 0.000000 0.000000 0.000000 1.000000
0.998041 -0.011866 0.061436 0.263007 0.006806 0.996615 0.081927 103.472549 -0.062200 -0.081348 0.994743 159.317154 0.000000 0.000000 0.000000 1.000000</float_array><technique_common><accessor source="#mixamorig_Hips-Matrix-animation-output-transform-array" count="40" stride="16"><param type="float4x4"/></accessor></technique_common></source><source id="mixamorig_Hips-Interpolations"><Name_array id="mixamorig_Hips-Interpolations-array" count="40">
 LINEAR LINEAR LINEAR LINEAR LINEAR LINEAR LINEAR LINEAR LINEAR LINEAR LINEAR
LINEAR LINEAR LINEAR LINEAR LINEAR LINEAR LINEAR LINEAR LINEAR LINEAR LINEAR LINEAR
LINEAR LINEAR LINEAR LINEAR LINEAR LINEAR LINEAR LINEAR LINEAR LINEAR LINEAR LINEAR
LINEAR LINEAR LINEAR LINEAR LINEAR</Name_array><technique_common><accessor source="#mixamorig_Hips-Interpolations-array" count="40"><param type="name"/></accessor></technique_common></source><sampler id="mixamorig_Hips-Matrix-animation-transform"><input semantic="INPUT" source="#mixamorig_Hips-Matrix-animation-input"/><input semantic="OUTPUT" source="#mixamorig_Hips-Matrix-animation-output-transform"/><input semantic="INTERPOLATION" source="#mixamorig_Hips-Interpolations"/></sampler><channel source="#mixamorig_Hips-Matrix-animation-transform" target="mixamorig_Hips/matrix"/></animation>
    <animation id="mixamorig_Spine-anim" name="mixamorig_Spine"><source id="mixamorig_Spine-Matrix-animation-input"><float_array id="mixamorig_Spine-Matrix-animation-input-array" count="40">

0.000000 0.033333 0.066667 0.100000 0.133333 0.166667 0.200000 0.233333 0.266667 0.300000 0.333333 0.366667 0.400000 0.433333 0.466667 0.500000
0.533333 0.566667 0.600000 0.633333 0.666667 0.700000 0.733333 0.766667 0.800000 0.833333 0.866667 0.900000 0.933333 0.966667 1.000000 1.033333
1.066667 1.100000 1.133333 1.166667 1.200000 1.233333 1.266667 1.300000</float_array><technique_common><accessor source="#mixamorig_Spine-Matrix-animation-input-array" count="40"><param name="TIME" type="float"/></accessor></technique_common></source><source id="mixamorig_Spine-Matrix-animation-output-transform"><float_array id="mixamorig_Spine-Matrix-animation-output-transform-array" count="640">

0.995310 -0.040941 -0.087650 -0.038100 0.026737 0.987158 -0.157494 9.490500 0.092972 0.154412 0.983622 -1.392100 0.000000 0.000000 0.000000 1.000000
0.996529 -0.030614 -0.077407 -0.038100 0.018299 0.987735 -0.155063 9.490500 0.081205 0.153108 0.984867 -1.392100 0.000000 0.000000 0.000000 1.000000
0.997295 -0.022938 -0.069827 -0.038100 0.012217 0.988572 -0.150252 9.490500 0.072475 0.148992 0.986179 -1.392100 0.000000 0.000000 0.000000 1.000000
0.997505 -0.015483 -0.068882 -0.038100 0.005416 0.989563 -0.143997 9.490500 0.070392 0.143265 0.987178 -1.392100 0.000000 0.000000 0.000000 1.000000
0.997617 -0.009915 -0.068274 -0.038100 0.000367 0.990367 -0.138467 9.490500 0.068989 0.138112 0.988011 -1.392100 0.000000 0.000000 0.000000 1.000000
0.998319 -0.004642 -0.057765 -0.038100 -0.002863 0.991620 -0.129157 9.490500 0.057881 0.129105 0.989940 -1.392100 0.000000 0.000000 0.000000 1.000000
0.999125 -0.001072 -0.041813 -0.038100 -0.003865 0.993029 -0.117808 9.490500 0.041647 0.117867 0.992156 -1.392100 0.000000 0.000000 0.000000 1.000000
0.999628 0.007116 -0.026324 -0.038100 -0.010000 0.993758 -0.111109 9.490500 0.025369 0.111331 0.993459 -1.392100 0.000000 0.000000 0.000000 1.000000
0.999800 0.016599 -0.011140 -0.038100 -0.017693 0.994143 -0.106614 9.490500 0.009305 0.106790 0.994238 -1.392100 0.000000 0.000000 0.000000 1.000000
0.999632 0.026968 0.003008 -0.038100 -0.026510 0.994233 -0.103909 9.490500 -0.005793 0.103791 0.994582 -1.392100 0.000000 0.000000 0.000000 1.000000
0.999126 0.038787 0.015579 -0.038100 -0.036990 0.994040 -0.102551 9.490500 -0.019464 0.101885 0.994606 -1.392100 0.000000 0.000000 0.000000 1.000000
0.998188 0.054831 0.024800 -0.038100 -0.051996 0.993291 -0.103289 9.490500 -0.030297 0.101813 0.994342 -1.392100 0.000000 0.000000 0.000000 1.000000
0.997003 0.071896 0.028558 -0.038100 -0.068462 0.991895 -0.107038 9.490500 -0.036022 0.104763 0.993845 -1.392100 0.000000 0.000000 0.000000 1.000000
0.996343 0.082323 0.022860 -0.038100 -0.079173 0.990189 -0.115142 9.490500 -0.032115 0.112911 0.993086 -1.392100 0.000000 0.000000 0.000000 1.000000
0.996120 0.087503 0.009408 -0.038100 -0.085703 0.988781 -0.122343 9.490500 -0.020007 0.121062 0.992443 -1.392100 0.000000 0.000000 0.000000 1.000000
0.996034 0.088797 -0.005683 -0.038100 -0.088804 0.988051 -0.125973 9.490500 -0.005571 0.125978 0.992017 -1.392100 0.000000 0.000000 0.000000 1.000000
0.996375 0.081976 -0.022727 -0.038100 -0.084232 0.988089 -0.128787 9.490500 0.011899 0.130234 0.991412 -1.392100 0.000000 0.000000 0.000000 1.000000
0.996684 0.068984 -0.043144 -0.038100 -0.074153 0.988378 -0.132704 9.490500 0.033488 0.135463 0.990216 -1.392100 0.000000 0.000000 0.000000 1.000000
0.996290 0.053048 -0.067758 -0.038100 -0.061781 0.989043 -0.134077 9.490500 0.059903 0.137766 0.988652 -1.392100 0.000000 0.000000 0.000000 1.000000
0.994891 0.038784 -0.093209 -0.038100 -0.050874 0.990069 -0.131053 9.490500 0.087201 0.135125 0.986984 -1.392100 0.000000 0.000000 0.000000 1.000000
0.993091 0.024583 -0.114746 -0.038100 -0.039505 0.990774 -0.129641 9.490500 0.110501 0.133278 0.984899 -1.392100 0.000000 0.000000 0.000000 1.000000
0.992329 0.012422 -0.122999 -0.038100 -0.028355 0.991285 -0.128648 9.490500 0.120329 0.131149 0.984033 -1.392100 0.000000 0.000000 0.000000 1.000000
0.992744 0.004664 -0.120155 -0.038100 -0.019938 0.991800 -0.126239 9.490500 0.118581 0.127718 0.984696 -1.392100 0.000000 0.000000 0.000000 1.000000
0.992613 -0.000639 -0.121320 -0.038100 -0.014337 0.992361 -0.122534 9.490500 0.120471 0.123368 0.985021 -1.392100 0.000000 0.000000 0.000000 1.000000
0.992308 -0.002955 -0.123755 -0.038100 -0.011558 0.993136 -0.116394 9.490500 0.123249 0.116929 0.985463 -1.392100 0.000000 0.000000 0.000000 1.000000
0.991660 -0.003455 -0.128835 -0.038100 -0.010375 0.994256 -0.106525 9.490500 0.128463 0.106974 0.985928 -1.392100 0.000000 0.000000 0.000000 1.000000
0.990825 -0.002878 -0.135120 -0.038100 -0.010324 0.995240 -0.096908 9.490500 0.134755 0.097414 0.986079 -1.392100 0.000000 0.000000 0.000000 1.000000
0.989956 -0.003110 -0.141340 -0.038100 -0.009837 0.995819 -0.090814 9.490500 0.141032 0.091292 0.985787 -1.392100 0.000000 0.000000 0.000000 1.000000
0.988734 -0.010886 -0.149285 -0.038100 -0.002599 0.995953 -0.089843 9.490500 0.149659 0.089219 0.984704 -1.392100 0.000000 0.000000 0.000000 1.000000
0.987385 -0.023580 -0.156573 -0.038100 0.008514 0.995325 -0.096205 9.490500 0.158110 0.093658 0.982970 -1.392100 0.000000 0.000000 0.000000 1.000000
0.986365 -0.035557 -0.160687 -0.038100 0.018663 0.994250 -0.105450 9.490500 0.163513 0.101013 0.981356 -1.392100 0.000000 0.000000 0.000000 1.000000
0.985447 -0.048975 -0.162776 -0.038100 0.030142 0.992766 -0.116219 9.490500 0.167291 0.109622 0.979794 -1.392100 0.000000 0.000000 0.000000 1.000000
0.985455 -0.058481 -0.159558 -0.038100 0.038323 0.991212 -0.126609 9.490500 0.165560 0.118652 0.979036 -1.392100 0.000000 0.000000 0.000000 1.000000
0.985809 -0.065518 -0.154555 -0.038100 0.044361 0.989637 -0.136567 9.490500 0.161901 0.127772 0.978500 -1.392100 0.000000 0.000000 0.000000 1.000000
0.986431 -0.071276 -0.147896 -0.038100 0.049505 0.988047 -0.145984 9.490500 0.156533 0.136682 0.978169 -1.392100 0.000000 0.000000 0.000000 1.000000
0.987358 -0.074790 -0.139755 -0.038100 0.052867 0.986582 -0.154470 9.490500 0.149432 0.145128 0.978063 -1.392100 0.000000 0.000000 0.000000 1.000000
0.989096 -0.072435 -0.128229 -0.038100 0.051384 0.985704 -0.160459 9.490500 0.138019 0.152121 0.978678 -1.392100 0.000000 0.000000 0.000000 1.000000
0.991301 -0.064495 -0.114731 -0.038100 0.045282 0.985618 -0.162811 9.490500 0.123581 0.156199 0.979964 -1.392100 0.000000 0.000000 0.000000 1.000000
0.993701 -0.052716 -0.098891 -0.038100 0.036116 0.986014 -0.162700 9.490500 0.106085 0.158104 0.981707 -1.392100 0.000000 0.000000 0.000000 1.000000
0.995311 -0.040903 -0.087653 -0.038100 0.026699 0.987159 -0.157491 9.490500 0.092970 0.154413 0.983623 -1.392100 0.000000 0.000000 0.000000 1.000000</float_array><technique_common><accessor source="#mixamorig_Spine-Matrix-animation-output-transform-array" count="40" stride="16"><param type="float4x4"/></accessor></technique_common></source><source id="mixamorig_Spine-Interpolations"><Name_array id="mixamorig_Spine-Interpolations-array" count="40">
 LINEAR LINEAR LINEAR LINEAR LINEAR LINEAR LINEAR LINEAR LINEAR LINEAR LINEAR
LINEAR LINEAR LINEAR LINEAR LINEAR LINEAR LINEAR LINEAR LINEAR LINEAR LINEAR LINEAR
LINEAR LINEAR LINEAR LINEAR LINEAR LINEAR LINEAR LINEAR LINEAR LINEAR LINEAR LINEAR
LINEAR LINEAR LINEAR LINEAR LINEAR</Name_array><technique_common><accessor source="#mixamorig_Spine-Interpolations-array" count="40"><param type="name"/></accessor></technique_common></source><sampler id="mixamorig_Spine-Matrix-animation-transform"><input semantic="INPUT" source="#mixamorig_Spine-Matrix-animation-input"/><input semantic="OUTPUT" source="#mixamorig_Spine-Matrix-animation-output-transform"/><input semantic="INTERPOLATION" source="#mixamorig_Spine-Interpolations"/></sampler><channel source="#mixamorig_Spine-Matrix-animation-transform" target="mixamorig_Spine/matrix"/></animation>
    <animation id="mixamorig_Spine1-anim" name="mixamorig_Spine1"><source id="mixamorig_Spine1-Matrix-animation-input"><float_array id="mixamorig_Spine1-Matrix-animation-input-array" count="40">

0.000000 0.033333 0.066667 0.100000 0.133333 0.166667 0.200000 0.233333 0.266667 0.300000 0.333333 0.366667 0.400000 0.433333 0.466667 0.500000
0.533333 0.566667 0.600000 0.633333 0.666667 0.700000 0.733333 0.766667 0.800000 0.833333 0.866667 0.900000 0.933333 0.966667 1.000000 1.033333
1.066667 1.100000 1.133333 1.166667 1.200000 1.233333 1.266667 1.300000</float_array><technique_common><accessor source="#mixamorig_Spine1-Matrix-animation-input-array" count="40"><param name="TIME" type="float"/></accessor></technique_common></source><source id="mixamorig_Spine1-Matrix-animation-output-transform"><float_array id="mixamorig_Spine1-Matrix-animation-output-transform-array" count="640">

0.999362 0.024949 -0.025563 -0.044200 -0.026222 0.998369 -0.050709 11.072300 0.024256 0.051347 0.998386 -1.624100 0.000000 0.000000 0.000000 1.000000
0.999379 0.026902 -0.022764 -0.044200 -0.028025 0.998328 -0.050547 11.072300 0.021366 0.051154 0.998462 -1.624100 0.000000 0.000000 0.000000 1.000000
0.999400 0.028570 -0.019592 -0.044200 -0.029514 0.998327 -0.049729 11.072300 0.018139 0.050278 0.998571 -1.624100 0.000000 0.000000 0.000000 1.000000
0.999422 0.029912 -0.016158 -0.044200 -0.030663 0.998356 -0.048430 11.072300 0.014683 0.048898 0.998696 -1.624100 0.000000 0.000000 0.000000 1.000000
0.999451 0.030653 -0.012553 -0.044200 -0.031210 0.998412 -0.046899 11.072300 0.011095 0.047265 0.998821 -1.624100 0.000000 0.000000 0.000000 1.000000
0.999496 0.030490 -0.008861 -0.044200 -0.030860 0.998500 -0.045219 11.072300 0.007469 0.045469 0.998938 -1.624100 0.000000 0.000000 0.000000 1.000000
0.999537 0.029970 -0.005252 -0.044200 -0.030171 0.998599 -0.043464 11.072300 0.003942 0.043603 0.999041 -1.624100 0.000000 0.000000 0.000000 1.000000
0.999569 0.029291 -0.001857 -0.044200 -0.029343 0.998688 -0.041978 11.072300 0.000625 0.042015 0.999117 -1.624100 0.000000 0.000000 0.000000 1.000000
0.999589 0.028648 0.001187 -0.044200 -0.028577 0.998768 -0.040569 11.072300 -0.002348 0.040519 0.999176 -1.624100 0.000000 0.000000 0.000000 1.000000
0.999594 0.028238 0.003748 -0.044200 -0.028069 0.998834 -0.039275 11.072300 -0.004852 0.039154 0.999221 -1.624100 0.000000 0.000000 0.000000 1.000000
0.999579 0.028464 0.005670 -0.044200 -0.028228 0.998874 -0.038134 11.072300 -0.006749 0.037958 0.999257 -1.624100 0.000000 0.000000 0.000000 1.000000
0.999531 0.029868 0.006788 -0.044200 -0.029595 0.998864 -0.037352 11.072300 -0.007896 0.037134 0.999279 -1.624100 0.000000 0.000000 0.000000 1.000000
0.999470 0.031789 0.007048 -0.044200 -0.031506 0.998813 -0.037145 11.072300 -0.008220 0.036903 0.999285 -1.624100 0.000000 0.000000 0.000000 1.000000
0.999421 0.033390 0.006486 -0.044200 -0.033124 0.998745 -0.037556 11.072300 -0.007732 0.037320 0.999273 -1.624100 0.000000 0.000000 0.000000 1.000000
0.999393 0.034454 0.005213 -0.044200 -0.034230 0.998680 -0.038289 11.072300 -0.006526 0.038087 0.999253 -1.624100 0.000000 0.000000 0.000000 1.000000
0.999407 0.034278 0.003348 -0.044200 -0.034121 0.998650 -0.039178 11.072300 -0.004687 0.039041 0.999227 -1.624100 0.000000 0.000000 0.000000 1.000000
0.999451 0.033118 0.001037 -0.044200 -0.033050 0.998646 -0.040178 11.072300 -0.002366 0.040122 0.999192 -1.624100 0.000000 0.000000 0.000000 1.000000
0.999512 0.031199 -0.001709 -0.044200 -0.031243 0.998659 -0.041272 11.072300 0.000419 0.041305 0.999146 -1.624100 0.000000 0.000000 0.000000 1.000000
0.999574 0.028767 -0.004842 -0.044200 -0.028947 0.998680 -0.042431 11.072300 0.003615 0.042553 0.999088 -1.624100 0.000000 0.000000 0.000000 1.000000
0.999621 0.026232 -0.008329 -0.044200 -0.026571 0.998695 -0.043613 11.072300 0.007174 0.043818 0.999014 -1.624100 0.000000 0.000000 0.000000 1.000000
0.999648 0.023665 -0.012031 -0.044200 -0.024182 0.998703 -0.044795 11.072300 0.010956 0.045070 0.998924 -1.624100 0.000000 0.000000 0.000000 1.000000
0.999648 0.021250 -0.015874 -0.044200 -0.021960 0.998703 -0.045942 11.072300 0.014878 0.046274 0.998818 -1.624100 0.000000 0.000000 0.000000 1.000000
0.999605 0.019803 -0.019918 -0.044200 -0.020721 0.998682 -0.046956 11.072300 0.018962 0.047350 0.998698 -1.624100 0.000000 0.000000 0.000000 1.000000
0.999522 0.019448 -0.024052 -0.044200 -0.020582 0.998643 -0.047838 11.072300 0.023089 0.048311 0.998565 -1.624100 0.000000 0.000000 0.000000 1.000000
0.999409 0.019719 -0.028169 -0.044200 -0.021072 0.998598 -0.048567 11.072300 0.027172 0.049131 0.998423 -1.624100 0.000000 0.000000 0.000000 1.000000
0.999277 0.020322 -0.032121 -0.044200 -0.021884 0.998557 -0.049042 11.072300 0.031078 0.049709 0.998280 -1.624100 0.000000 0.000000 0.000000 1.000000
0.999155 0.020291 -0.035747 -0.044200 -0.022042 0.998541 -0.049287 11.072300 0.034695 0.050034 0.998145 -1.624100 0.000000 0.000000 0.000000 1.000000
0.999047 0.019653 -0.038961 -0.044200 -0.021566 0.998551 -0.049301 11.072300 0.037936 0.050094 0.998024 -1.624100 0.000000 0.000000 0.000000 1.000000
0.998961 0.018593 -0.041605 -0.044200 -0.020613 0.998603 -0.048653 11.072300 0.040642 0.049460 0.997949 -1.624100 0.000000 0.000000 0.000000 1.000000
0.998902 0.017319 -0.043535 -0.044200 -0.019405 0.998661 -0.047955 11.072300 0.042646 0.048747 0.997900 -1.624100 0.000000 0.000000 0.000000 1.000000
0.998865 0.015969 -0.044876 -0.044200 -0.018117 0.998689 -0.047875 11.072300 0.044052 0.048634 0.997845 -1.624100 0.000000 0.000000 0.000000 1.000000
0.998848 0.014718 -0.045681 -0.044200 -0.016914 0.998702 -0.048054 11.072300 0.044915 0.048771 0.997800 -1.624100 0.000000 0.000000 0.000000 1.000000
0.998888 0.014400 -0.044898 -0.044200 -0.016579 0.998684 -0.048536 11.072300 0.044140 0.049226 0.997812 -1.624100 0.000000 0.000000 0.000000 1.000000
0.998948 0.014434 -0.043529 -0.044200 -0.016570 0.998656 -0.049116 11.072300 0.042761 0.049786 0.997844 -1.624100 0.000000 0.000000 0.000000 1.000000
0.999020 0.014820 -0.041710 -0.044200 -0.016892 0.998618 -0.049766 11.072300 0.040915 0.050422 0.997890 -1.624100 0.000000 0.000000 0.000000 1.000000
0.999095 0.015561 -0.039578 -0.044200 -0.017552 0.998572 -0.050456 11.072300 0.038736 0.051105 0.997942 -1.624100 0.000000 0.000000 0.000000 1.000000
0.999183 0.017280 -0.036536 -0.044200 -0.019140 0.998505 -0.051204 11.072300 0.035596 0.051861 0.998020 -1.624100 0.000000 0.000000 0.000000 1.000000
0.999265 0.019678 -0.032898 -0.044200 -0.021359 0.998442 -0.051555 11.072300 0.031832 0.052219 0.998128 -1.624100 0.000000 0.000000 0.000000 1.000000
0.999338 0.022528 -0.028583 -0.044200 -0.023980 0.998386 -0.051486 11.072300 0.027377 0.052137 0.998265 -1.624100 0.000000 0.000000 0.000000 1.000000
0.999362 0.024949 -0.025563 -0.044200 -0.026221 0.998371 -0.050680 11.072300 0.024257 0.051318 0.998388 -1.624100 0.000000 0.000000 0.000000 1.000000</float_array><technique_common><accessor source="#mixamorig_Spine1-Matrix-animation-output-transform-array" count="40" stride="16"><param type="float4x4"/></accessor></technique_common></source><source id="mixamorig_Spine1-Interpolations"><Name_array id="mixamorig_Spine1-Interpolations-array" count="40">
 LINEAR LINEAR LINEAR LINEAR LINEAR LINEAR LINEAR LINEAR LINEAR LINEAR LINEAR
LINEAR LINEAR LINEAR LINEAR LINEAR LINEAR LINEAR LINEAR LINEAR LINEAR LINEAR LINEAR
LINEAR LINEAR LINEAR LINEAR LINEAR LINEAR LINEAR LINEAR LINEAR LINEAR LINEAR LINEAR
LINEAR LINEAR LINEAR LINEAR LINEAR</Name_array><technique_common><accessor source="#mixamorig_Spine1-Interpolations-array" count="40"><param type="name"/></accessor></technique_common></source><sampler id="mixamorig_Spine1-Matrix-animation-transform"><input semantic="INPUT" source="#mixamorig_Spine1-Matrix-animation-input"/><input semantic="OUTPUT" source="#mixamorig_Spine1-Matrix-animation-output-transform"/><input semantic="INTERPOLATION" source="#mixamorig_Spine1-Interpolations"/></sampler><channel source="#mixamorig_Spine1-Matrix-animation-transform" target="mixamorig_Spine1/matrix"/></animation>
    <animation id="mixamorig_Spine2-anim" name="mixamorig_Spine2"><source id="mixamorig_Spine2-Matrix-animation-input"><float_array id="mixamorig_Spine2-Matrix-animation-input-array" count="40">

0.000000 0.033333 0.066667 0.100000 0.133333 0.166667 0.200000 0.233333 0.266667 0.300000 0.333333 0.366667 0.400000 0.433333 0.466667 0.500000
0.533333 0.566667 0.600000 0.633333 0.666667 0.700000 0.733333 0.766667 0.800000 0.833333 0.866667 0.900000 0.933333 0.966667 1.000000 1.033333
1.066667 1.100000 1.133333 1.166667 1.200000 1.233333 1.266667 1.300000</float_array><technique_common><accessor source="#mixamorig_Spine2-Matrix-animation-input-array" count="40"><param name="TIME" type="float"/></accessor></technique_common></source><source id="mixamorig_Spine2-Matrix-animation-output-transform"><float_array id="mixamorig_Spine2-Matrix-animation-output-transform-array" count="640">

0.999405 0.024428 -0.024350 -0.050500 -0.025651 0.998358 -0.051220 12.654000 0.023058 0.051814 0.998390 -1.856100 0.000000 0.000000 0.000000 1.000000
0.999408 0.026502 -0.021934 -0.050500 -0.027592 0.998318 -0.050996 12.654000 0.020545 0.051571 0.998458 -1.856100 0.000000 0.000000 0.000000 1.000000
0.999409 0.028534 -0.019149 -0.050500 -0.029463 0.998310 -0.050099 12.654000 0.017687 0.050634 0.998561 -1.856100 0.000000 0.000000 0.000000 1.000000
0.999409 0.030383 -0.016070 -0.050500 -0.031134 0.998327 -0.048732 12.654000 0.014562 0.049204 0.998683 -1.856100 0.000000 0.000000 0.000000 1.000000
0.999415 0.031741 -0.012718 -0.050500 -0.032307 0.998366 -0.047137 12.654000 0.011201 0.047520 0.998807 -1.856100 0.000000 0.000000 0.000000 1.000000
0.999452 0.031851 -0.008974 -0.050500 -0.032227 0.998449 -0.045401 12.654000 0.007514 0.045666 0.998929 -1.856100 0.000000 0.000000 0.000000 1.000000
0.999492 0.031438 -0.005185 -0.050500 -0.031635 0.998548 -0.043596 12.654000 0.003807 0.043738 0.999036 -1.856100 0.000000 0.000000 0.000000 1.000000
0.999527 0.030728 -0.001540 -0.050500 -0.030765 0.998641 -0.042063 12.654000 0.000245 0.042090 0.999114 -1.856100 0.000000 0.000000 0.000000 1.000000
0.999550 0.029945 0.001773 -0.050500 -0.029848 0.998729 -0.040605 12.654000 -0.002986 0.040534 0.999174 -1.856100 0.000000 0.000000 0.000000 1.000000
0.999560 0.029315 0.004562 -0.050500 -0.029114 0.998805 -0.039261 12.654000 -0.005708 0.039111 0.999219 -1.856100 0.000000 0.000000 0.000000 1.000000
0.999550 0.029251 0.006581 -0.050500 -0.028980 0.998855 -0.038072 12.654000 -0.007687 0.037864 0.999253 -1.856100 0.000000 0.000000 0.000000 1.000000
0.999511 0.030338 0.007525 -0.050500 -0.030037 0.998855 -0.037246 12.654000 -0.008646 0.037002 0.999278 -1.856100 0.000000 0.000000 0.000000 1.000000
0.999460 0.031998 0.007459 -0.050500 -0.031701 0.998812 -0.037006 12.654000 -0.008634 0.036750 0.999287 -1.856100 0.000000 0.000000 0.000000 1.000000
0.999413 0.033621 0.006542 -0.050500 -0.033353 0.998743 -0.037416 12.654000 -0.007791 0.037176 0.999278 -1.856100 0.000000 0.000000 0.000000 1.000000
0.999376 0.034975 0.004950 -0.050500 -0.034761 0.998666 -0.038177 12.654000 -0.006279 0.037981 0.999259 -1.856100 0.000000 0.000000 0.000000 1.000000
0.999379 0.035107 0.003031 -0.050500 -0.034962 0.998623 -0.039104 12.654000 -0.004400 0.038974 0.999231 -1.856100 0.000000 0.000000 0.000000 1.000000
0.999415 0.034183 0.000899 -0.050500 -0.034120 0.998611 -0.040147 12.654000 -0.002270 0.040093 0.999193 -1.856100 0.000000 0.000000 0.000000 1.000000
0.999465 0.032661 -0.001563 -0.050500 -0.032697 0.998612 -0.041288 12.654000 0.000212 0.041317 0.999146 -1.856100 0.000000 0.000000 0.000000 1.000000
0.999519 0.030710 -0.004340 -0.050500 -0.030866 0.998620 -0.042494 12.654000 0.003029 0.042607 0.999087 -1.856100 0.000000 0.000000 0.000000 1.000000
0.999559 0.028744 -0.007500 -0.050500 -0.029046 0.998622 -0.043720 12.654000 0.006233 0.043919 0.999016 -1.856100 0.000000 0.000000 0.000000 1.000000
0.999585 0.026676 -0.010866 -0.050500 -0.027139 0.998621 -0.044941 12.654000 0.009652 0.045217 0.998931 -1.856100 0.000000 0.000000 0.000000 1.000000
0.999593 0.024648 -0.014394 -0.050500 -0.025288 0.998616 -0.046122 12.654000 0.013237 0.046467 0.998832 -1.856100 0.000000 0.000000 0.000000 1.000000
0.999573 0.022887 -0.018159 -0.050500 -0.023722 0.998605 -0.047178 12.654000 0.017054 0.047588 0.998721 -1.856100 0.000000 0.000000 0.000000 1.000000
0.999525 0.021527 -0.022069 -0.050500 -0.022569 0.998587 -0.048117 12.654000 0.021002 0.048592 0.998598 -1.856100 0.000000 0.000000 0.000000 1.000000
0.999446 0.020675 -0.026095 -0.050500 -0.021934 0.998562 -0.048910 12.654000 0.025047 0.049455 0.998462 -1.856100 0.000000 0.000000 0.000000 1.000000
0.999329 0.020654 -0.030240 -0.050500 -0.022134 0.998532 -0.049438 12.654000 0.029175 0.050074 0.998319 -1.856100 0.000000 0.000000 0.000000 1.000000
0.999223 0.019989 -0.033966 -0.050500 -0.021665 0.998527 -0.049735 12.654000 0.032922 0.050432 0.998185 -1.856100 0.000000 0.000000 0.000000 1.000000
0.999132 0.018751 -0.037206 -0.050500 -0.020594 0.998547 -0.049795 12.654000 0.036218 0.050518 0.998066 -1.856100 0.000000 0.000000 0.000000 1.000000
0.999050 0.017296 -0.040004 -0.050500 -0.019258 0.998604 -0.049177 12.654000 0.039097 0.049901 0.997989 -1.856100 0.000000 0.000000 0.000000 1.000000
0.998981 0.015710 -0.042320 -0.050500 -0.017760 0.998666 -0.048492 12.654000 0.041502 0.049194 0.997927 -1.856100 0.000000 0.000000 0.000000 1.000000
0.998946 0.014352 -0.043597 -0.050500 -0.016462 0.998691 -0.048424 12.654000 0.042845 0.049091 0.997875 -1.856100 0.000000 0.000000 0.000000 1.000000
0.998929 0.013167 -0.044357 -0.050500 -0.015322 0.998700 -0.048611 12.654000 0.043660 0.049239 0.997832 -1.856100 0.000000 0.000000 0.000000 1.000000
0.998968 0.012886 -0.043548 -0.050500 -0.015023 0.998681 -0.049102 12.654000 0.042858 0.049706 0.997844 -1.856100 0.000000 0.000000 0.000000 1.000000
0.999027 0.012940 -0.042160 -0.050500 -0.015032 0.998651 -0.049694 12.654000 0.041460 0.050279 0.997874 -1.856100 0.000000 0.000000 0.000000 1.000000
0.999098 0.013327 -0.040324 -0.050500 -0.015353 0.998613 -0.050355 12.654000 0.039597 0.050929 0.997917 -1.856100 0.000000 0.000000 0.000000 1.000000
0.999172 0.014045 -0.038172 -0.050500 -0.015987 0.998568 -0.051055 12.654000 0.037400 0.051623 0.997966 -1.856100 0.000000 0.000000 0.000000 1.000000
0.999260 0.015727 -0.035110 -0.050500 -0.017536 0.998503 -0.051811 12.654000 0.034242 0.052389 0.998040 -1.856100 0.000000 0.000000 0.000000 1.000000
0.999335 0.018412 -0.031473 -0.050500 -0.020038 0.998438 -0.052152 12.654000 0.030464 0.052748 0.998143 -1.856100 0.000000 0.000000 0.000000 1.000000
0.999390 0.021754 -0.027328 -0.050500 -0.023156 0.998376 -0.052056 12.654000 0.026152 0.052657 0.998270 -1.856100 0.000000 0.000000 0.000000 1.000000
0.999405 0.024428 -0.024350 -0.050500 -0.025651 0.998358 -0.051220 12.654000 0.023058 0.051814 0.998391 -1.856100 0.000000 0.000000 0.000000 1.000000</float_array><technique_common><accessor source="#mixamorig_Spine2-Matrix-animation-output-transform-array" count="40" stride="16"><param type="float4x4"/></accessor></technique_common></source><source id="mixamorig_Spine2-Interpolations"><Name_array id="mixamorig_Spine2-Interpolations-array" count="40">
 LINEAR LINEAR LINEAR LINEAR LINEAR LINEAR LINEAR LINEAR LINEAR LINEAR LINEAR
LINEAR LINEAR LINEAR LINEAR LINEAR LINEAR LINEAR LINEAR LINEAR LINEAR LINEAR LINEAR
LINEAR LINEAR LINEAR LINEAR LINEAR LINEAR LINEAR LINEAR LINEAR LINEAR LINEAR LINEAR
LINEAR LINEAR LINEAR LINEAR LINEAR</Name_array><technique_common><accessor source="#mixamorig_Spine2-Interpolations-array" count="40"><param type="name"/></accessor></technique_common></source><sampler id="mixamorig_Spine2-Matrix-animation-transform"><input semantic="INPUT" source="#mixamorig_Spine2-Matrix-animation-input"/><input semantic="OUTPUT" source="#mixamorig_Spine2-Matrix-animation-output-transform"/><input semantic="INTERPOLATION" source="#mixamorig_Spine2-Interpolations"/></sampler><channel source="#mixamorig_Spine2-Matrix-animation-transform" target="mixamorig_Spine2/matrix"/></animation>
    <animation id="mixamorig_Neck-anim" name="mixamorig_Neck"><source id="mixamorig_Neck-Matrix-animation-input"><float_array id="mixamorig_Neck-Matrix-animation-input-array" count="40">

0.000000 0.033333 0.066667 0.100000 0.133333 0.166667 0.200000 0.233333 0.266667 0.300000 0.333333 0.366667 0.400000 0.433333 0.466667 0.500000
0.533333 0.566667 0.600000 0.633333 0.666667 0.700000 0.733333 0.766667 0.800000 0.833333 0.866667 0.900000 0.933333 0.966667 1.000000 1.033333
1.066667 1.100000 1.133333 1.166667 1.200000 1.233333 1.266667 1.300000</float_array><technique_common><accessor source="#mixamorig_Neck-Matrix-animation-input-array" count="40"><param name="TIME" type="float"/></accessor></technique_common></source><source id="mixamorig_Neck-Matrix-animation-output-transform"><float_array id="mixamorig_Neck-Matrix-animation-output-transform-array" count="640">

0.998344 -0.056460 -0.011043 -0.056900 0.056522 0.998386 0.005463 14.235800 0.010716 -0.006078 0.999924 -2.088100 0.000000 0.000000 0.000000 1.000000
0.998254 -0.057858 -0.011860 -0.056900 0.057930 0.998304 0.005826 14.235800 0.011503 -0.006503 0.999913 -2.088100 0.000000 0.000000 0.000000 1.000000
0.998153 -0.059426 -0.012653 -0.056900 0.059508 0.998208 0.006211 14.235800 0.012262 -0.006952 0.999901 -2.088100 0.000000 0.000000 0.000000 1.000000
0.998067 -0.060842 -0.012638 -0.056900 0.060934 0.998117 0.007055 14.235800 0.012185 -0.007811 0.999895 -2.088100 0.000000 0.000000 0.000000 1.000000
0.998032 -0.061440 -0.012520 -0.056900 0.061542 0.998073 0.007905 14.235800 0.012010 -0.008659 0.999890 -2.088100 0.000000 0.000000 0.000000 1.000000
0.998075 -0.060579 -0.013307 -0.056900 0.060691 0.998123 0.008213 14.235800 0.012785 -0.009005 0.999878 -2.088100 0.000000 0.000000 0.000000 1.000000
0.998170 -0.058767 -0.014216 -0.056900 0.058887 0.998232 0.008122 14.235800 0.013713 -0.008944 0.999866 -2.088100 0.000000 0.000000 0.000000 1.000000
0.998310 -0.056177 -0.014874 -0.056900 0.056289 0.998388 0.007224 14.235800 0.014444 -0.008049 0.999863 -2.088100 0.000000 0.000000 0.000000 1.000000
0.998490 -0.052626 -0.015757 -0.056900 0.052745 0.998582 0.007237 14.235800 0.015354 -0.008057 0.999850 -2.088100 0.000000 0.000000 0.000000 1.000000
0.998641 -0.049152 -0.017353 -0.056900 0.049264 0.998767 0.006118 14.235800 0.017031 -0.006965 0.999831 -2.088100 0.000000 0.000000 0.000000 1.000000
0.998608 -0.049458 -0.018337 -0.056900 0.049567 0.998756 0.005526 14.235800 0.018041 -0.006427 0.999817 -2.088100 0.000000 0.000000 0.000000 1.000000
0.998595 -0.049661 -0.018497 -0.056900 0.049793 0.998737 0.006745 14.235800 0.018139 -0.007656 0.999806 -2.088100 0.000000 0.000000 0.000000 1.000000
0.998667 -0.048313 -0.018192 -0.056900 0.048478 0.998786 0.008749 14.235800 0.017747 -0.009620 0.999796 -2.088100 0.000000 0.000000 0.000000 1.000000
0.998755 -0.046689 -0.017545 -0.056900 0.046848 0.998863 0.008791 14.235800 0.017114 -0.009602 0.999807 -2.088100 0.000000 0.000000 0.000000 1.000000
0.998843 -0.045313 -0.016103 -0.056900 0.045455 0.998930 0.008511 14.235800 0.015701 -0.009233 0.999834 -2.088100 0.000000 0.000000 0.000000 1.000000
0.998904 -0.044500 -0.014508 -0.056900 0.044611 0.998977 0.007411 14.235800 0.014163 -0.008050 0.999867 -2.088100 0.000000 0.000000 0.000000 1.000000
0.998897 -0.045018 -0.013361 -0.056900 0.045099 0.998966 0.005814 14.235800 0.013086 -0.006410 0.999894 -2.088100 0.000000 0.000000 0.000000 1.000000
0.998884 -0.045681 -0.012032 -0.056900 0.045738 0.998943 0.004510 14.235800 0.011814 -0.005055 0.999917 -2.088100 0.000000 0.000000 0.000000 1.000000
0.998895 -0.045839 -0.010325 -0.056900 0.045878 0.998941 0.003555 14.235800 0.010151 -0.004024 0.999940 -2.088100 0.000000 0.000000 0.000000 1.000000
0.998909 -0.045891 -0.008690 -0.056900 0.045922 0.998939 0.003361 14.235800 0.008526 -0.003757 0.999957 -2.088100 0.000000 0.000000 0.000000 1.000000
0.998926 -0.045723 -0.007557 -0.056900 0.045752 0.998946 0.003730 14.235800 0.007378 -0.004072 0.999964 -2.088100 0.000000 0.000000 0.000000 1.000000
0.998949 -0.045207 -0.007565 -0.056900 0.045240 0.998967 0.004223 14.235800 0.007367 -0.004561 0.999962 -2.088100 0.000000 0.000000 0.000000 1.000000
0.998976 -0.044360 -0.008899 -0.056900 0.044395 0.999007 0.003755 14.235800 0.008724 -0.004146 0.999953 -2.088100 0.000000 0.000000 0.000000 1.000000
0.999001 -0.043672 -0.009525 -0.056900 0.043697 0.999042 0.002420 14.235800 0.009410 -0.002834 0.999952 -2.088100 0.000000 0.000000 0.000000 1.000000
0.999019 -0.043267 -0.009463 -0.056900 0.043308 0.999053 0.004172 14.235800 0.009274 -0.004578 0.999947 -2.088100 0.000000 0.000000 0.000000 1.000000
0.999027 -0.043109 -0.009299 -0.056900 0.043143 0.999063 0.003533 14.235800 0.009138 -0.003931 0.999951 -2.088100 0.000000 0.000000 0.000000 1.000000
0.999039 -0.042872 -0.009076 -0.056900 0.042893 0.999077 0.002180 14.235800 0.008974 -0.002567 0.999956 -2.088100 0.000000 0.000000 0.000000 1.000000
0.999044 -0.042817 -0.008781 -0.056900 0.042837 0.999080 0.002100 14.235800 0.008683 -0.002475 0.999959 -2.088100 0.000000 0.000000 0.000000 1.000000
0.999019 -0.043481 -0.008347 -0.056900 0.043506 0.999049 0.002820 14.235800 0.008216 -0.003180 0.999961 -2.088100 0.000000 0.000000 0.000000 1.000000
0.998946 -0.045232 -0.007866 -0.056900 0.045266 0.998966 0.004196 14.235800 0.007668 -0.004547 0.999960 -2.088100 0.000000 0.000000 0.000000 1.000000
0.998851 -0.047354 -0.007324 -0.056900 0.047397 0.998859 0.005783 14.235800 0.007042 -0.006123 0.999956 -2.088100 0.000000 0.000000 0.000000 1.000000
0.998750 -0.049517 -0.006887 -0.056900 0.049567 0.998744 0.007336 14.235800 0.006515 -0.007668 0.999949 -2.088100 0.000000 0.000000 0.000000 1.000000
0.998685 -0.050765 -0.007145 -0.056900 0.050820 0.998677 0.007807 14.235800 0.006740 -0.008160 0.999944 -2.088100 0.000000 0.000000 0.000000 1.000000
0.998637 -0.051620 -0.007695 -0.056900 0.051680 0.998633 0.007840 14.235800 0.007280 -0.008227 0.999940 -2.088100 0.000000 0.000000 0.000000 1.000000
0.998593 -0.052368 -0.008296 -0.056900 0.052431 0.998596 0.007588 14.235800 0.007887 -0.008012 0.999937 -2.088100 0.000000 0.000000 0.000000 1.000000
0.998541 -0.053304 -0.008648 -0.056900 0.053367 0.998549 0.007212 14.235800 0.008251 -0.007663 0.999937 -2.088100 0.000000 0.000000 0.000000 1.000000
0.998460 -0.054768 -0.008838 -0.056900 0.054827 0.998474 0.006635 14.235800 0.008461 -0.007109 0.999939 -2.088100 0.000000 0.000000 0.000000 1.000000
0.998369 -0.056291 -0.009532 -0.056900 0.056346 0.998396 0.005594 14.235800 0.009201 -0.006122 0.999939 -2.088100 0.000000 0.000000 0.000000 1.000000
0.998334 -0.056722 -0.010531 -0.056900 0.056782 0.998372 0.005486 14.235800 0.010203 -0.006075 0.999929 -2.088100 0.000000 0.000000 0.000000 1.000000
0.998344 -0.056460 -0.011043 -0.056900 0.056523 0.998386 0.005486 14.235800 0.010715 -0.006101 0.999924 -2.088100 0.000000 0.000000 0.000000 1.000000</float_array><technique_common><accessor source="#mixamorig_Neck-Matrix-animation-output-transform-array" count="40" stride="16"><param type="float4x4"/></accessor></technique_common></source><source id="mixamorig_Neck-Interpolations"><Name_array id="mixamorig_Neck-Interpolations-array" count="40">
 LINEAR LINEAR LINEAR LINEAR LINEAR LINEAR LINEAR LINEAR LINEAR LINEAR LINEAR
LINEAR LINEAR LINEAR LINEAR LINEAR LINEAR LINEAR LINEAR LINEAR LINEAR LINEAR LINEAR
LINEAR LINEAR LINEAR LINEAR LINEAR LINEAR LINEAR LINEAR LINEAR LINEAR LINEAR LINEAR
