<?xml version="1.0" encoding="utf-8"?>
<COLLADA xmlns="http://www.collada.org/2005/11/COLLADASchema" version="1.4.1">
  <asset><contributor><author>Mixamo</author><authoring_tool>COLLADA Mixamo exporter</authoring_tool><comments></comments></contributor><created>2018-10-06T11:33:08Z</created><modified>2018-10-06T11:33:08Z</modified><revision></revision><title></title><unit meter="0.010000"/><up_axis>Y_UP</up_axis></asset>
  <library_animations>
    <animation id="mixamorig_Hips-anim" name="mixamorig_Hips"><source id="mixamorig_Hips-Matrix-animation-input"><float_array id="mixamorig_Hips-Matrix-animation-input-array" count="258">

0.000000 0.033333 0.066667 0.100000 0.133333 0.166667 0.200000 0.233333 0.266667 0.300000 0.333333 0.366667 0.400000 0.433333 0.466667 0.500000
0.533333 0.566667 0.600000 0.633333 0.666667 0.700000 0.733333 0.766667 0.800000 0.833333 0.866667 0.900000 0.933333 0.966667 1.000000 1.033333
1.066667 1.100000 1.133333 1.166667 1.200000 1.233333 1.266667 1.300000 1.333333 1.366667 1.400000 1.433333 1.466667 1.500000 1.533333 1.566667
1.600000 1.633333 1.666667 1.700000 1.733333 1.766667 1.800000 1.833333 1.866667 1.900000 1.933333 1.966667 2.000000 2.033333 2.066667 2.100000
2.133333 2.166667 2.200000 2.233333 2.266667 2.300000 2.333333 2.366667 2.400000 2.433333 2.466667 2.500000 2.533333 2.566667 2.600000 2.633333
2.666667 2.700000 2.733333 2.766667 2.800000 2.833333 2.866667 2.900000 2.933333 2.966667 3.000000 3.033333 3.066667 3.100000 3.133333 3.166667
3.200000 3.233333 3.266667 3.300000 3.333333 3.366667 3.400000 3.433333 3.466667 3.500000 3.533333 3.566667 3.600000 3.633333 3.666667 3.700000
3.733333 3.766667 3.800000 3.833333 3.866667 3.900000 3.933333 3.966667 4.000000 4.033333 4.066667 4.100000 4.133333 4.166667 4.200000 4.233333
4.266667 4.300000 4.333333 4.366667 4.400000 4.433333 4.466667 4.500000 4.533333 4.566667 4.600000 4.633333 4.666667 4.700000 4.733333 4.766667
4.800000 4.833333 4.866667 4.900000 4.933333 4.966667 5.000000 5.033333 5.066667 5.100000 5.133333 5.166667 5.200000 5.233333 5.266667 5.300000
5.333333 5.366667 5.400000 5.433333 5.466667 5.500000 5.533333 5.566667 5.600000 5.633333 5.666667 5.700000 5.733333 5.766667 5.800000 5.833333
5.866667 5.900000 5.933333 5.966667 6.000000 6.033333 6.066667 6.100000 6.133333 6.166667 6.200000 6.233333 6.266667 6.300000 6.333333 6.366667
6.400000 6.433333 6.466667 6.500000 6.533333 6.566667 6.600000 6.633333 6.666667 6.700000 6.733333 6.766667 6.800000 6.833333 6.866667 6.900000
6.933333 6.966667 7.000000 7.033333 7.066667 7.100000 7.133333 7.166667 7.200000 7.233333 7.266667 7.300000 7.333333 7.366667 7.400000 7.433333
7.466667 7.500000 7.533333 7.566667 7.600000 7.633333 7.666667 7.700000 7.733333 7.766667 7.800000 7.833333 7.866667 7.900000 7.933333 7.966667
8.000000 8.033333 8.066667 8.100000 8.133333 8.166667 8.200000 8.233333 8.266667 8.300000 8.333333 8.366667 8.400000 8.433333 8.466667 8.500000
8.533333 8.566667</float_array><technique_common><accessor source="#mixamorig_Hips-Matrix-animation-input-array" count="258"><param name="TIME" type="float"/></accessor></technique_common></source><source id="mixamorig_Hips-Matrix-animation-output-transform"><float_array id="mixamorig_Hips-Matrix-animation-output-transform-array" count="4128">

0.995674 -0.055651 -0.074401 -0.110743 0.064650 0.990099 0.124598 103.197983 0.066730 -0.128869 0.989414 0.770606 0.000000 0.000000 0.000000 1.000000
0.995635 -0.055510 -0.075037 -0.041627 0.064588 0.990111 0.124537 103.214767 0.067381 -0.128840 0.989374 0.793349 0.000000 0.000000 0.000000 1.000000
0.995600 -0.055261 -0.075680 0.025293 0.064415 0.990137 0.124420 103.231827 0.068058 -0.128747 0.989339 0.822612 0.000000 0.000000 0.000000 1.000000
0.995567 -0.054974 -0.076317 0.090534 0.064205 0.990164 0.124310 103.251686 0.068732 -0.128659 0.989304 0.852575 0.000000 0.000000 0.000000 1.000000
0.995532 -0.054705 -0.076959 0.154186 0.064013 0.990189 0.124206 103.272385 0.069409 -0.128578 0.989267 0.882349 0.000000 0.000000 0.000000 1.000000
0.995499 -0.054415 -0.077597 0.216927 0.063800 0.990215 0.124109 103.295395 0.070084 -0.128501 0.989230 0.912580 0.000000 0.000000 0.000000 1.000000
0.995463 -0.054147 -0.078243 0.279172 0.063611 0.990239 0.124018 103.317101 0.070764 -0.128432 0.989190 0.942540 0.000000 0.000000 0.000000 1.000000
0.995428 -0.053862 -0.078886 0.341461 0.063404 0.990263 0.123930 103.340599 0.071442 -0.128365 0.989150 0.972879 0.000000 0.000000 0.000000 1.000000
0.995392 -0.053570 -0.079528 0.404207 0.063190 0.990287 0.123849 103.364769 0.072121 -0.128303 0.989109 1.003485 0.000000 0.000000 0.000000 1.000000
0.995356 -0.053276 -0.080172 0.467993 0.062975 0.990311 0.123770 103.388336 0.072802 -0.128244 0.989067 1.034234 0.000000 0.000000 0.000000 1.000000
0.995322 -0.052949 -0.080810 0.533322 0.062726 0.990336 0.123696 103.413803 0.073479 -0.128186 0.989024 1.065648 0.000000 0.000000 0.000000 1.000000
0.995286 -0.052636 -0.081452 0.600510 0.062492 0.990359 0.123624 103.437561 0.074160 -0.128132 0.988981 1.096960 0.000000 0.000000 0.000000 1.000000
0.995250 -0.052330 -0.082096 0.669983 0.062266 0.990382 0.123556 103.460472 0.074841 -0.128081 0.988936 1.128299 0.000000 0.000000 0.000000 1.000000
0.995213 -0.052012 -0.082739 0.742525 0.062028 0.990406 0.123489 103.481308 0.075523 -0.128030 0.988891 1.159974 0.000000 0.000000 0.000000 1.000000
0.995177 -0.051682 -0.083380 0.818425 0.061776 0.990429 0.123424 103.501678 0.076204 -0.127979 0.988845 1.192005 0.000000 0.000000 0.000000 1.000000
0.995138 -0.051377 -0.084026 0.897726 0.061551 0.990451 0.123360 103.522461 0.076886 -0.127932 0.988798 1.223874 0.000000 0.000000 0.000000 1.000000
0.995102 -0.051028 -0.084665 0.981857 0.061281 0.990476 0.123296 103.539902 0.077567 -0.127881 0.988752 1.256549 0.000000 0.000000 0.000000 1.000000
0.995065 -0.050688 -0.085306 1.070629 0.061020 0.990500 0.123233 103.555222 0.078250 -0.127830 0.988704 1.289235 0.000000 0.000000 0.000000 1.000000
0.995029 -0.050320 -0.085942 1.164830 0.060730 0.990526 0.123169 103.569359 0.078930 -0.127776 0.988657 1.322551 0.000000 0.000000 0.000000 1.000000
0.994991 -0.049966 -0.086582 1.265035 0.060456 0.990551 0.123105 103.580368 0.079613 -0.127723 0.988609 1.355795 0.000000 0.000000 0.000000 1.000000
0.994955 -0.049583 -0.087215 1.371729 0.060150 0.990577 0.123039 103.589996 0.080292 -0.127664 0.988562 1.389739 0.000000 0.000000 0.000000 1.000000
0.994918 -0.049195 -0.087847 1.484138 0.059840 0.990604 0.122972 103.596313 0.080972 -0.127604 0.988514 1.423939 0.000000 0.000000 0.000000 1.000000
0.994883 -0.048785 -0.088475 1.601706 0.059506 0.990633 0.122901 103.601006 0.081651 -0.127537 0.988467 1.458677 0.000000 0.000000 0.000000 1.000000
0.994846 -0.048389 -0.089105 1.723484 0.059187 0.990661 0.122829 103.601639 0.082330 -0.127469 0.988420 1.493444 0.000000 0.000000 0.000000 1.000000
0.994809 -0.047994 -0.089735 1.848873 0.058868 0.990690 0.122753 103.600319 0.083008 -0.127398 0.988372 1.528399 0.000000 0.000000 0.000000 1.000000
0.994773 -0.047568 -0.090357 1.977532 0.058517 0.990721 0.122673 103.596748 0.083683 -0.127319 0.988325 1.564140 0.000000 0.000000 0.000000 1.000000
0.994735 -0.047164 -0.090983 2.108317 0.058187 0.990750 0.122589 103.592255 0.084359 -0.127237 0.988278 1.599762 0.000000 0.000000 0.000000 1.000000
0.994696 -0.046780 -0.091610 2.240595 0.057878 0.990780 0.122499 103.586708 0.085035 -0.127152 0.988231 1.635383 0.000000 0.000000 0.000000 1.000000
0.994656 -0.046396 -0.092236 2.373868 0.057568 0.990809 0.122405 103.581375 0.085710 -0.127061 0.988185 1.671306 0.000000 0.000000 0.000000 1.000000
0.994615 -0.046023 -0.092862 2.507372 0.057267 0.990839 0.122305 103.576096 0.086383 -0.126964 0.988139 1.707356 0.000000 0.000000 0.000000 1.000000
0.994573 -0.045654 -0.093488 2.640515 0.056970 0.990869 0.122199 103.570747 0.087055 -0.126862 0.988093 1.743672 0.000000 0.000000 0.000000 1.000000
0.994531 -0.045289 -0.094111 2.772670 0.056677 0.990900 0.122086 103.565880 0.087726 -0.126752 0.988048 1.780214 0.000000 0.000000 0.000000 1.000000
0.994486 -0.044966 -0.094742 2.902862 0.056424 0.990929 0.121965 103.559113 0.088399 -0.126638 0.988002 1.816446 0.000000 0.000000 0.000000 1.000000
0.994443 -0.044600 -0.095360 3.031123 0.056128 0.990962 0.121837 103.555046 0.089064 -0.126512 0.987959 1.853723 0.000000 0.000000 0.000000 1.000000
0.994398 -0.044268 -0.095982 3.156201 0.055864 0.990994 0.121701 103.549973 0.089730 -0.126381 0.987915 1.890806 0.000000 0.000000 0.000000 1.000000
0.994353 -0.043932 -0.096601 3.277699 0.055594 0.991027 0.121555 103.545815 0.090394 -0.126239 0.987873 1.928317 0.000000 0.000000 0.000000 1.000000
0.994305 -0.043637 -0.097226 3.394709 0.055366 0.991058 0.121401 103.539330 0.091059 -0.126093 0.987830 1.965542 0.000000 0.000000 0.000000 1.000000
0.994258 -0.043330 -0.097845 3.506930 0.055123 0.991092 0.121237 103.534660 0.091720 -0.125934 0.987790 2.003356 0.000000 0.000000 0.000000 1.000000
0.994210 -0.043035 -0.098462 3.613523 0.054891 0.991126 0.121062 103.529861 0.092379 -0.125766 0.987749 2.041365 0.000000 0.000000 0.000000 1.000000
0.994161 -0.042754 -0.099080 3.716548 0.054672 0.991161 0.120877 103.524788 0.093036 -0.125588 0.987710 2.079530 0.000000 0.000000 0.000000 1.000000
0.994113 -0.042446 -0.099688 3.818861 0.054424 0.991198 0.120680 103.521851 0.093689 -0.125395 0.987673 2.118522 0.000000 0.000000 0.000000 1.000000
0.994063 -0.042171 -0.100300 3.919929 0.054207 0.991236 0.120472 103.517220 0.094341 -0.125194 0.987637 2.157385 0.000000 0.000000 0.000000 1.000000
0.994012 -0.041910 -0.100912 4.019943 0.054003 0.991274 0.120252 103.512474 0.094992 -0.124981 0.987601 2.196458 0.000000 0.000000 0.000000 1.000000
0.993961 -0.041660 -0.101523 4.118895 0.053808 0.991312 0.120018 103.507271 0.095641 -0.124756 0.987567 2.235757 0.000000 0.000000 0.000000 1.000000
0.993909 -0.041404 -0.102128 4.216971 0.053605 0.991353 0.119772 103.502693 0.096286 -0.124517 0.987535 2.275562 0.000000 0.000000 0.000000 1.000000
0.993857 -0.041157 -0.102732 4.314003 0.053409 0.991395 0.119511 103.497925 0.096929 -0.124264 0.987504 2.315604 0.000000 0.000000 0.000000 1.000000
0.993804 -0.040948 -0.103333 4.409958 0.053249 0.991437 0.119236 103.493141 0.097566 -0.124000 0.987474 2.355908 0.000000 0.000000 0.000000 1.000000
0.993749 -0.040757 -0.103934 4.504856 0.053104 0.991479 0.118947 103.488075 0.098200 -0.123723 0.987446 2.396471 0.000000 0.000000 0.000000 1.000000
0.993693 -0.040580 -0.104533 4.598701 0.052973 0.991523 0.118642 103.482559 0.098832 -0.123431 0.987419 2.437260 0.000000 0.000000 0.000000 1.000000
0.993640 -0.040376 -0.105119 4.691885 0.052808 0.991572 0.118309 103.479362 0.099456 -0.123107 0.987397 2.479001 0.000000 0.000000 0.000000 1.000000
0.993584 -0.040213 -0.105704 4.783758 0.052680 0.991623 0.117935 103.474602 0.100076 -0.122747 0.987379 2.520757 0.000000 0.000000 0.000000 1.000000
0.993529 -0.040058 -0.106281 4.874645 0.052556 0.991678 0.117526 103.469833 0.100689 -0.122351 0.987366 2.562952 0.000000 0.000000 0.000000 1.000000
0.993473 -0.039914 -0.106853 4.964512 0.052437 0.991737 0.117084 103.464859 0.101297 -0.121923 0.987357 2.605558 0.000000 0.000000 0.000000 1.000000
0.993417 -0.039784 -0.107421 5.053308 0.052329 0.991798 0.116613 103.459671 0.101900 -0.121467 0.987351 2.648479 0.000000 0.000000 0.000000 1.000000
0.993361 -0.039661 -0.107984 5.141153 0.052224 0.991862 0.116118 103.454330 0.102500 -0.120986 0.987348 2.691788 0.000000 0.000000 0.000000 1.000000
0.993307 -0.039505 -0.108537 5.228400 0.052082 0.991929 0.115600 103.450714 0.103094 -0.120479 0.987348 2.736004 0.000000 0.000000 0.000000 1.000000
0.993252 -0.039374 -0.109091 5.314497 0.051962 0.991998 0.115065 103.446136 0.103687 -0.119957 0.987350 2.780307 0.000000 0.000000 0.000000 1.000000
0.993195 -0.039259 -0.109644 5.399539 0.051856 0.992067 0.114515 103.441360 0.104278 -0.119421 0.987352 2.824829 0.000000 0.000000 0.000000 1.000000
0.993138 -0.039154 -0.110196 5.483578 0.051758 0.992137 0.113954 103.436661 0.104868 -0.118876 0.987356 2.869623 0.000000 0.000000 0.000000 1.000000
0.993080 -0.039077 -0.110747 5.566660 0.051687 0.992206 0.113386 103.432137 0.105453 -0.118326 0.987359 2.914773 0.000000 0.000000 0.000000 1.000000
0.993021 -0.039011 -0.111299 5.648742 0.051626 0.992274 0.112815 103.427681 0.106038 -0.117774 0.987363 2.960143 0.000000 0.000000 0.000000 1.000000
0.992962 -0.038940 -0.111850 5.729968 0.051559 0.992342 0.112244 103.423691 0.106623 -0.117221 0.987366 3.005870 0.000000 0.000000 0.000000 1.000000
0.992901 -0.038888 -0.112406 5.810095 0.051512 0.992409 0.111677 103.418724 0.107210 -0.116675 0.987367 3.051624 0.000000 0.000000 0.000000 1.000000
0.992840 -0.038825 -0.112962 5.889452 0.051453 0.992474 0.111117 103.415207 0.107798 -0.116134 0.987366 3.097829 0.000000 0.000000 0.000000 1.000000
0.992780 -0.038746 -0.113518 5.968069 0.051379 0.992540 0.110569 103.411896 0.108387 -0.115603 0.987364 3.144423 0.000000 0.000000 0.000000 1.000000
0.992719 -0.038669 -0.114079 6.045750 0.051309 0.992603 0.110035 103.409126 0.108980 -0.115087 0.987359 3.191192 0.000000 0.000000 0.000000 1.000000
0.992654 -0.038634 -0.114652 6.122070 0.051284 0.992661 0.109519 103.404617 0.109580 -0.114594 0.987350 3.237517 0.000000 0.000000 0.000000 1.000000
0.992593 -0.038525 -0.115219 6.198265 0.051186 0.992720 0.109025 103.402763 0.110180 -0.114115 0.987339 3.288964 0.000000 0.000000 0.000000 1.000000
0.992527 -0.038477 -0.115804 6.272874 0.051152 0.992773 0.108557 103.398384 0.110790 -0.113670 0.987322 3.345203 0.000000 0.000000 0.000000 1.000000
0.992460 -0.038365 -0.116407 6.347284 0.051079 0.992807 0.108281 103.396614 0.111415 -0.113411 0.987281 3.403592 0.000000 0.000000 0.000000 1.000000
0.992378 -0.038188 -0.117161 6.421103 0.050984 0.992816 0.108244 103.396271 0.112186 -0.113392 0.987196 3.463611 0.000000 0.000000 0.000000 1.000000
0.992273 -0.038078 -0.118086 6.493233 0.050978 0.992818 0.108227 103.393890 0.113117 -0.113410 0.987088 3.525051 0.000000 0.000000 0.000000 1.000000
0.992149 -0.037976 -0.119155 6.564258 0.050999 0.992817 0.108228 103.392410 0.114189 -0.113455 0.986959 3.588618 0.000000 0.000000 0.000000 1.000000
0.992009 -0.037880 -0.120347 6.634245 0.051043 0.992813 0.108244 103.390785 0.115382 -0.113522 0.986813 3.654369 0.000000 0.000000 0.000000 1.000000
0.991853 -0.037809 -0.121647 6.703010 0.051125 0.992806 0.108274 103.389580 0.116678 -0.113611 0.986650 3.722106 0.000000 0.000000 0.000000 1.000000
0.991685 -0.037739 -0.123031 6.770808 0.051219 0.992796 0.108315 103.388809 0.118057 -0.113715 0.986474 3.792159 0.000000 0.000000 0.000000 1.000000
0.991509 -0.037631 -0.124474 6.838054 0.051286 0.992785 0.108384 103.388550 0.119498 -0.113847 0.986286 3.865622 0.000000 0.000000 0.000000 1.000000
0.991322 -0.037570 -0.125971 6.903841 0.051410 0.992768 0.108486 103.387161 0.120984 -0.114021 0.986084 3.944596 0.000000 0.000000 0.000000 1.000000
0.991131 -0.037482 -0.127490 6.968605 0.051512 0.992750 0.108596 103.386574 0.122495 -0.114201 0.985877 4.029237 0.000000 0.000000 0.000000 1.000000
0.990938 -0.037382 -0.129014 7.031595 0.051604 0.992733 0.108715 103.386948 0.124012 -0.114388 0.985666 4.117780 0.000000 0.000000 0.000000 1.000000
0.990744 -0.037275 -0.130524 7.092665 0.051687 0.992715 0.108838 103.387924 0.125516 -0.114577 0.985453 4.208585 0.000000 0.000000 0.000000 1.000000
0.990552 -0.037168 -0.132002 7.151553 0.051769 0.992697 0.108960 103.389404 0.126988 -0.114765 0.985243 4.299961 0.000000 0.000000 0.000000 1.000000
0.990365 -0.037061 -0.133430 7.208152 0.051843 0.992680 0.109079 103.392067 0.128411 -0.114946 0.985037 4.390360 0.000000 0.000000 0.000000 1.000000
0.990185 -0.036950 -0.134787 7.262307 0.051906 0.992665 0.109191 103.395996 0.129764 -0.115116 0.984840 4.478226 0.000000 0.000000 0.000000 1.000000
0.990014 -0.036869 -0.136060 7.313540 0.051987 0.992649 0.109293 103.400047 0.131030 -0.115275 0.984654 4.561534 0.000000 0.000000 0.000000 1.000000
0.989859 -0.036749 -0.137218 7.362478 0.052015 0.992638 0.109383 103.406906 0.132188 -0.115412 0.984483 4.639630 0.000000 0.000000 0.000000 1.000000
0.989720 -0.036627 -0.138247 7.408572 0.052022 0.992631 0.109442 103.415115 0.133220 -0.115509 0.984332 4.710521 0.000000 0.000000 0.000000 1.000000
0.989594 -0.036611 -0.139149 7.450399 0.052117 0.992622 0.109479 103.420486 0.134114 -0.115592 0.984201 4.763452 0.000000 0.000000 0.000000 1.000000
0.989493 -0.036570 -0.139881 7.489299 0.052165 0.992617 0.109502 103.427750 0.134844 -0.115648 0.984095 4.809054 0.000000 0.000000 0.000000 1.000000
0.989418 -0.036514 -0.140425 7.525033 0.052174 0.992616 0.109508 103.436348 0.135390 -0.115675 0.984017 4.856534 0.000000 0.000000 0.000000 1.000000
0.989373 -0.036431 -0.140763 7.557428 0.052127 0.992621 0.109482 103.446091 0.135735 -0.115656 0.983971 4.905590 0.000000 0.000000 0.000000 1.000000
0.989344 -0.036372 -0.140981 7.586094 0.052038 0.992670 0.109081 103.456596 0.135980 -0.115255 0.983985 4.957694 0.000000 0.000000 0.000000 1.000000
0.989316 -0.036336 -0.141187 7.604073 0.051971 0.992717 0.108683 103.466431 0.136209 -0.114860 0.983999 5.009797 0.000000 0.000000 0.000000 1.000000
0.989295 -0.036226 -0.141361 7.609767 0.051826 0.992767 0.108290 103.479584 0.136416 -0.114457 0.984017 5.063023 0.000000 0.000000 0.000000 1.000000
0.989274 -0.036166 -0.141526 7.606691 0.051732 0.992815 0.107903 103.491707 0.136607 -0.114067 0.984036 5.115468 0.000000 0.000000 0.000000 1.000000
0.989255 -0.036105 -0.141672 7.600447 0.051636 0.992861 0.107524 103.504288 0.136779 -0.113684 0.984057 5.167480 0.000000 0.000000 0.000000 1.000000
0.989238 -0.036060 -0.141802 7.590285 0.051554 0.992905 0.107154 103.516747 0.136932 -0.113311 0.984078 5.218493 0.000000 0.000000 0.000000 1.000000
0.989222 -0.036031 -0.141919 7.574183 0.051488 0.992947 0.106795 103.528831 0.137070 -0.112952 0.984100 5.268152 0.000000 0.000000 0.000000 1.000000
0.989210 -0.035989 -0.142015 7.555161 0.051409 0.992988 0.106449 103.542030 0.137188 -0.112602 0.984124 5.316545 0.000000 0.000000 0.000000 1.000000
0.989201 -0.035928 -0.142090 7.535928 0.051310 0.993029 0.106117 103.556076 0.137287 -0.112262 0.984149 5.363470 0.000000 0.000000 0.000000 1.000000
0.989196 -0.035932 -0.142128 7.518221 0.051274 0.993064 0.105801 103.568153 0.137340 -0.111946 0.984178 5.407464 0.000000 0.000000 0.000000 1.000000
0.989195 -0.035885 -0.142145 7.504929 0.051198 0.993092 0.105580 103.582199 0.137374 -0.111717 0.984199 5.449271 0.000000 0.000000 0.000000 1.000000
0.989191 -0.035912 -0.142164 7.491163 0.051209 0.993105 0.105450 103.593163 0.137396 -0.111590 0.984210 5.486774 0.000000 0.000000 0.000000 1.000000
0.989190 -0.035921 -0.142169 7.479309 0.051202 0.993118 0.105331 103.605232 0.137407 -0.111472 0.984222 5.521646 0.000000 0.000000 0.000000 1.000000
0.989190 -0.035940 -0.142169 7.470884 0.051206 0.993130 0.105221 103.616798 0.137411 -0.111364 0.984234 5.553004 0.000000 0.000000 0.000000 1.000000
0.989189 -0.035969 -0.142165 7.467794 0.051225 0.993136 0.105155 103.627884 0.137406 -0.111301 0.984242 5.580388 0.000000 0.000000 0.000000 1.000000
0.989189 -0.036004 -0.142156 7.470210 0.051254 0.993139 0.105113 103.638466 0.137396 -0.111263 0.984247 5.603624 0.000000 0.000000 0.000000 1.000000
0.989188 -0.036066 -0.142147 7.476196 0.051310 0.993139 0.105081 103.648048 0.137382 -0.111239 0.984252 5.622156 0.000000 0.000000 0.000000 1.000000
0.989190 -0.036092 -0.142130 7.485840 0.051332 0.993140 0.105059 103.658691 0.137363 -0.111219 0.984257 5.636624 0.000000 0.000000 0.000000 1.000000
0.989192 -0.036114 -0.142110 7.498001 0.051349 0.993141 0.105048 103.669556 0.137342 -0.111210 0.984261 5.646212 0.000000 0.000000 0.000000 1.000000
0.989193 -0.036158 -0.142094 7.511602 0.051392 0.993138 0.105048 103.679047 0.137321 -0.111215 0.984263 5.650122 0.000000 0.000000 0.000000 1.000000
0.989195 -0.036236 -0.142059 7.525812 0.051468 0.993133 0.105060 103.686844 0.137277 -0.111236 0.984267 5.647915 0.000000 0.000000 0.000000 1.000000
0.989198 -0.036311 -0.142016 7.540504 0.051542 0.993127 0.105085 103.694450 0.137224 -0.111269 0.984271 5.639918 0.000000 0.000000 0.000000 1.000000
0.989202 -0.036393 -0.141970 7.554779 0.051624 0.993118 0.105122 103.701622 0.137167 -0.111316 0.984273 5.625516 0.000000 0.000000 0.000000 1.000000
0.989204 -0.036510 -0.141923 7.567529 0.051747 0.993104 0.105200 103.706917 0.137104 -0.111408 0.984272 5.603955 0.000000 0.000000 0.000000 1.000000
0.989210 -0.036604 -0.141858 7.578734 0.051852 0.993085 0.105328 103.712341 0.137022 -0.111547 0.984267 5.575688 0.000000 0.000000 0.000000 1.000000
0.989216 -0.036715 -0.141788 7.587303 0.051977 0.993062 0.105484 103.716934 0.136931 -0.111716 0.984261 5.539945 0.000000 0.000000 0.000000 1.000000
0.989218 -0.036913 -0.141723 7.591527 0.052195 0.993030 0.105671 103.717255 0.136835 -0.111928 0.984250 5.494167 0.000000 0.000000 0.000000 1.000000
0.989219 -0.037135 -0.141656 7.591918 0.052440 0.992994 0.105888 103.716537 0.136731 -0.112175 0.984236 5.433467 0.000000 0.000000 0.000000 1.000000
0.989227 -0.037386 -0.141536 7.589405 0.052743 0.992928 0.106356 103.714302 0.136558 -0.112675 0.984203 5.356545 0.000000 0.000000 0.000000 1.000000
0.989267 -0.037676 -0.141178 7.584756 0.053090 0.992835 0.107056 103.711014 0.136132 -0.113402 0.984179 5.265100 0.000000 0.000000 0.000000 1.000000
0.989344 -0.037969 -0.140560 7.578316 0.053410 0.992741 0.107763 103.705627 0.135448 -0.114122 0.984190 5.161552 0.000000 0.000000 0.000000 1.000000
0.989454 -0.038292 -0.139697 7.570218 0.053731 0.992646 0.108476 103.698517 0.134516 -0.114838 0.984235 5.047135 0.000000 0.000000 0.000000 1.000000
0.989597 -0.038593 -0.138593 7.561528 0.054001 0.992553 0.109193 103.692719 0.133346 -0.115541 0.984311 4.924086 0.000000 0.000000 0.000000 1.000000
0.989770 -0.038896 -0.137267 7.552244 0.054245 0.992460 0.109914 103.687782 0.131957 -0.116235 0.984417 4.793459 0.000000 0.000000 0.000000 1.000000
0.989966 -0.039243 -0.135745 7.542112 0.054509 0.992365 0.110636 103.681381 0.130366 -0.116925 0.984547 4.655918 0.000000 0.000000 0.000000 1.000000
0.990185 -0.039595 -0.134033 7.531898 0.054752 0.992271 0.111357 103.675316 0.128588 -0.117603 0.984700 4.513355 0.000000 0.000000 0.000000 1.000000
0.990423 -0.039973 -0.132154 7.521596 0.054998 0.992176 0.112076 103.668633 0.126640 -0.118271 0.984873 4.366799 0.000000 0.000000 0.000000 1.000000
0.990676 -0.040360 -0.130123 7.511559 0.055232 0.992082 0.112792 103.661194 0.124540 -0.118927 0.985061 4.217512 0.000000 0.000000 0.000000 1.000000
0.990951 -0.040612 -0.127931 7.503555 0.055308 0.991997 0.113503 103.658554 0.122298 -0.119551 0.985267 4.068570 0.000000 0.000000 0.000000 1.000000
0.991231 -0.040948 -0.125632 7.495461 0.055451 0.991908 0.114206 103.652580 0.119939 -0.120171 0.985481 3.918703 0.000000 0.000000 0.000000 1.000000
0.991522 -0.041244 -0.123219 7.488722 0.055536 0.991823 0.114901 103.648209 0.117473 -0.120770 0.985705 3.770823 0.000000 0.000000 0.000000 1.000000
0.991814 -0.041589 -0.120725 7.482094 0.055655 0.991737 0.115586 103.641762 0.114920 -0.121359 0.985934 3.625030 0.000000 0.000000 0.000000 1.000000
0.992112 -0.041893 -0.118149 7.476447 0.055719 0.991655 0.116260 103.636597 0.112293 -0.121926 0.986167 3.483874 0.000000 0.000000 0.000000 1.000000
0.992410 -0.042183 -0.115513 7.471332 0.055757 0.991575 0.116919 103.632004 0.109608 -0.122473 0.986401 3.348306 0.000000 0.000000 0.000000 1.000000
0.992707 -0.042445 -0.112832 7.466808 0.055755 0.991499 0.117564 103.628044 0.106883 -0.122998 0.986635 3.219819 0.000000 0.000000 0.000000 1.000000
0.993001 -0.042684 -0.110121 7.462610 0.055723 0.991426 0.118192 103.624817 0.104132 -0.123501 0.986866 3.099639 0.000000 0.000000 0.000000 1.000000
0.993289 -0.042923 -0.107402 7.458318 0.055685 0.991355 0.118802 103.621002 0.101375 -0.123986 0.987092 2.988776 0.000000 0.000000 0.000000 1.000000
0.993568 -0.043162 -0.104692 7.453819 0.055644 0.991287 0.119393 103.616524 0.098627 -0.124450 0.987312 2.888556 0.000000 0.000000 0.000000 1.000000
0.993844 -0.043274 -0.101985 7.450401 0.055470 0.991228 0.119962 103.616867 0.095899 -0.124880 0.987526 2.801950 0.000000 0.000000 0.000000 1.000000
0.994106 -0.043440 -0.099328 7.445851 0.055352 0.991168 0.120508 103.614677 0.093215 -0.125296 0.987731 2.727905 0.000000 0.000000 0.000000 1.000000
0.994357 -0.043571 -0.096723 7.440968 0.055202 0.991113 0.121030 103.611740 0.090590 -0.125686 0.987925 2.668840 0.000000 0.000000 0.000000 1.000000
0.994597 -0.043650 -0.094184 7.435915 0.055003 0.991063 0.121526 103.609489 0.088037 -0.126050 0.988110 2.626345 0.000000 0.000000 0.000000 1.000000
0.994825 -0.043698 -0.091729 7.430241 0.054780 0.991018 0.121995 103.608994 0.085574 -0.126389 0.988283 2.592879 0.000000 0.000000 0.000000 1.000000
0.995035 -0.043772 -0.089386 7.423254 0.054592 0.990974 0.122436 103.607056 0.083220 -0.126707 0.988443 2.559634 0.000000 0.000000 0.000000 1.000000
0.995232 -0.043781 -0.087154 7.415668 0.054350 0.990936 0.122846 103.607513 0.080986 -0.126997 0.988591 2.527744 0.000000 0.000000 0.000000 1.000000
0.995410 -0.043846 -0.085072 7.406146 0.054178 0.990899 0.123225 103.605667 0.078895 -0.127268 0.988726 2.495638 0.000000 0.000000 0.000000 1.000000
0.995571 -0.043887 -0.083142 7.395340 0.053999 0.990865 0.123571 103.603241 0.076960 -0.127513 0.988847 2.464339 0.000000 0.000000 0.000000 1.000000
0.995713 -0.043941 -0.081387 7.382730 0.053851 0.990835 0.123882 103.601624 0.075198 -0.127734 0.988954 2.433403 0.000000 0.000000 0.000000 1.000000
0.995836 -0.044029 -0.079823 7.368118 0.053759 0.990805 0.124158 103.598946 0.073623 -0.127933 0.989046 2.402791 0.000000 0.000000 0.000000 1.000000
0.995939 -0.044142 -0.078468 7.351336 0.053714 0.990778 0.124397 103.596115 0.072253 -0.128107 0.989125 2.372442 0.000000 0.000000 0.000000 1.000000
0.996022 -0.044257 -0.077337 7.327250 0.053697 0.990753 0.124598 103.592781 0.071108 -0.128255 0.989189 2.342452 0.000000 0.000000 0.000000 1.000000
0.996078 -0.044501 -0.076469 7.286940 0.053839 0.990725 0.124758 103.584785 0.070207 -0.128386 0.989236 2.311159 0.000000 0.000000 0.000000 1.000000
0.996120 -0.044642 -0.075839 7.247336 0.053907 0.990707 0.124878 103.580032 0.069559 -0.128481 0.989269 2.281574 0.000000 0.000000 0.000000 1.000000
0.996141 -0.044791 -0.075483 7.205179 0.054014 0.990692 0.124948 103.574638 0.069184 -0.128543 0.989288 2.252251 0.000000 0.000000 0.000000 1.000000
0.996142 -0.044943 -0.075371 7.158914 0.054155 0.990677 0.125009 103.570267 0.069050 -0.128608 0.989289 2.223550 0.000000 0.000000 0.000000 1.000000
0.996138 -0.045127 -0.075314 7.106174 0.054335 0.990659 0.125073 103.563683 0.068966 -0.128683 0.989285 2.194549 0.000000 0.000000 0.000000 1.000000
0.996136 -0.045290 -0.075251 7.045710 0.054493 0.990642 0.125136 103.557899 0.068880 -0.128754 0.989282 2.166159 0.000000 0.000000 0.000000 1.000000
0.996133 -0.045448 -0.075189 6.975374 0.054647 0.990626 0.125198 103.553474 0.068794 -0.128822 0.989279 2.138167 0.000000 0.000000 0.000000 1.000000
0.996130 -0.045617 -0.075133 6.897644 0.054812 0.990609 0.125256 103.547653 0.068713 -0.128890 0.989275 2.110359 0.000000 0.000000 0.000000 1.000000
0.996129 -0.045740 -0.075069 6.817267 0.054930 0.990595 0.125314 103.544426 0.068631 -0.128952 0.989273 2.083470 0.000000 0.000000 0.000000 1.000000
0.996125 -0.045907 -0.075016 6.733371 0.055093 0.990579 0.125369 103.539421 0.068554 -0.129016 0.989270 2.056308 0.000000 0.000000 0.000000 1.000000
0.996120 -0.046097 -0.074969 6.646385 0.055280 0.990562 0.125422 103.534012 0.068479 -0.129080 0.989267 2.029179 0.000000 0.000000 0.000000 1.000000
0.996115 -0.046284 -0.074924 6.556684 0.055463 0.990545 0.125474 103.528328 0.068408 -0.129142 0.989264 2.002408 0.000000 0.000000 0.000000 1.000000
0.996110 -0.046451 -0.074879 6.464641 0.055626 0.990530 0.125524 103.523262 0.068339 -0.129201 0.989261 1.976138 0.000000 0.000000 0.000000 1.000000
0.996105 -0.046622 -0.074836 6.370154 0.055795 0.990514 0.125571 103.517654 0.068272 -0.129258 0.989258 1.950102 0.000000 0.000000 0.000000 1.000000
0.996102 -0.046770 -0.074793 6.273671 0.055939 0.990500 0.125617 103.512161 0.068207 -0.129312 0.989255 1.924728 0.000000 0.000000 0.000000 1.000000
0.996095 -0.046971 -0.074762 6.174516 0.056138 0.990483 0.125662 103.504227 0.068148 -0.129369 0.989252 1.898841 0.000000 0.000000 0.000000 1.000000
0.996090 -0.047129 -0.074724 6.073908 0.056293 0.990469 0.125704 103.497955 0.068088 -0.129419 0.989250 1.873847 0.000000 0.000000 0.000000 1.000000
0.996086 -0.047266 -0.074686 5.971743 0.056427 0.990457 0.125745 103.490768 0.068030 -0.129467 0.989247 1.849485 0.000000 0.000000 0.000000 1.000000
0.996083 -0.047395 -0.074647 5.868052 0.056553 0.990444 0.125784 103.485374 0.067972 -0.129513 0.989245 1.825492 0.000000 0.000000 0.000000 1.000000
0.996079 -0.047542 -0.074614 5.762741 0.056697 0.990431 0.125822 103.477509 0.067918 -0.129559 0.989243 1.801570 0.000000 0.000000 0.000000 1.000000
0.996075 -0.047669 -0.074580 5.656323 0.056822 0.990420 0.125857 103.469696 0.067866 -0.129601 0.989241 1.778246 0.000000 0.000000 0.000000 1.000000
0.996071 -0.047799 -0.074549 5.548690 0.056949 0.990408 0.125894 103.463425 0.067816 -0.129645 0.989239 1.755068 0.000000 0.000000 0.000000 1.000000
0.996068 -0.047912 -0.074516 5.440272 0.057060 0.990397 0.125929 103.455696 0.067767 -0.129686 0.989237 1.732500 0.000000 0.000000 0.000000 1.000000
0.996065 -0.048027 -0.074485 5.331000 0.057173 0.990386 0.125960 103.448837 0.067719 -0.129723 0.989235 1.710175 0.000000 0.000000 0.000000 1.000000
0.996061 -0.048155 -0.074459 5.220947 0.057298 0.990376 0.125983 103.440536 0.067675 -0.129753 0.989234 1.687988 0.000000 0.000000 0.000000 1.000000
0.996057 -0.048277 -0.074433 5.110451 0.057417 0.990367 0.126000 103.432861 0.067633 -0.129777 0.989234 1.666207 0.000000 0.000000 0.000000 1.000000
0.996053 -0.048397 -0.074408 4.999617 0.057534 0.990358 0.126017 103.425034 0.067592 -0.129800 0.989234 1.644741 0.000000 0.000000 0.000000 1.000000
0.996049 -0.048511 -0.074384 4.888627 0.057645 0.990350 0.126032 103.418030 0.067552 -0.129822 0.989234 1.623668 0.000000 0.000000 0.000000 1.000000
0.996046 -0.048609 -0.074358 4.777768 0.057741 0.990343 0.126046 103.411301 0.067513 -0.129841 0.989234 1.603087 0.000000 0.000000 0.000000 1.000000
0.996044 -0.048692 -0.074332 4.667190 0.057820 0.990336 0.126059 103.404343 0.067475 -0.129858 0.989234 1.583070 0.000000 0.000000 0.000000 1.000000
0.996040 -0.048813 -0.074314 4.556498 0.057939 0.990328 0.126072 103.396072 0.067441 -0.129878 0.989234 1.562745 0.000000 0.000000 0.000000 1.000000
0.996037 -0.048899 -0.074291 4.446530 0.058023 0.990321 0.126083 103.389503 0.067407 -0.129894 0.989234 1.543175 0.000000 0.000000 0.000000 1.000000
0.996035 -0.048966 -0.074268 4.337357 0.058087 0.990316 0.126094 103.382225 0.067374 -0.129908 0.989234 1.524229 0.000000 0.000000 0.000000 1.000000
0.996033 -0.049041 -0.074245 4.228787 0.058159 0.990311 0.126104 103.376801 0.067342 -0.129921 0.989235 1.505337 0.000000 0.000000 0.000000 1.000000
0.996031 -0.049126 -0.074227 4.121071 0.058242 0.990305 0.126112 103.369576 0.067312 -0.129935 0.989235 1.486581 0.000000 0.000000 0.000000 1.000000
0.996029 -0.049196 -0.074208 4.014523 0.058310 0.990300 0.126121 103.363373 0.067283 -0.129947 0.989235 1.468406 0.000000 0.000000 0.000000 1.000000
0.996026 -0.049274 -0.074191 3.909111 0.058385 0.990294 0.126128 103.356926 0.067256 -0.129958 0.989236 1.450370 0.000000 0.000000 0.000000 1.000000
0.996023 -0.049352 -0.074176 3.805057 0.058462 0.990289 0.126134 103.350700 0.067230 -0.129969 0.989236 1.432602 0.000000 0.000000 0.000000 1.000000
0.996019 -0.049447 -0.074164 3.702383 0.058555 0.990283 0.126140 103.343239 0.067206 -0.129981 0.989236 1.414878 0.000000 0.000000 0.000000 1.000000
0.996017 -0.049525 -0.074151 3.601534 0.058630 0.990278 0.126145 103.337105 0.067183 -0.129990 0.989237 1.397695 0.000000 0.000000 0.000000 1.000000
0.996013 -0.049610 -0.074139 3.502450 0.058714 0.990272 0.126149 103.331299 0.067160 -0.129999 0.989237 1.380667 0.000000 0.000000 0.000000 1.000000
0.996010 -0.049689 -0.074129 3.405385 0.058791 0.990267 0.126153 103.326111 0.067139 -0.130008 0.989237 1.364008 0.000000 0.000000 0.000000 1.000000
0.996008 -0.049749 -0.074118 3.310682 0.058850 0.990263 0.126156 103.319618 0.067120 -0.130014 0.989238 1.347844 0.000000 0.000000 0.000000 1.000000
0.996004 -0.049836 -0.074112 3.217943 0.058936 0.990258 0.126158 103.314835 0.067103 -0.130022 0.989238 1.331600 0.000000 0.000000 0.000000 1.000000
0.996001 -0.049904 -0.074103 3.127941 0.059002 0.990254 0.126159 103.308228 0.067085 -0.130027 0.989238 1.315895 0.000000 0.000000 0.000000 1.000000
0.995998 -0.049979 -0.074097 3.039563 0.059076 0.990249 0.126160 103.302826 0.067069 -0.130033 0.989239 1.300317 0.000000 0.000000 0.000000 1.000000
0.995995 -0.050056 -0.074090 2.952108 0.059152 0.990245 0.126160 103.296700 0.067052 -0.130038 0.989239 1.284996 0.000000 0.000000 0.000000 1.000000
0.995992 -0.050121 -0.074082 2.865723 0.059215 0.990241 0.126160 103.289856 0.067036 -0.130041 0.989240 1.270086 0.000000 0.000000 0.000000 1.000000
0.995990 -0.050174 -0.074070 2.780293 0.059266 0.990238 0.126159 103.283699 0.067017 -0.130043 0.989241 1.255674 0.000000 0.000000 0.000000 1.000000
0.995985 -0.050250 -0.074083 2.695454 0.059344 0.990234 0.126157 103.277962 0.067020 -0.130047 0.989240 1.241085 0.000000 0.000000 0.000000 1.000000
0.995982 -0.050305 -0.074092 2.611732 0.059399 0.990231 0.126155 103.271217 0.067022 -0.130049 0.989240 1.227079 0.000000 0.000000 0.000000 1.000000
0.995977 -0.050387 -0.074106 2.528492 0.059483 0.990226 0.126152 103.265289 0.067025 -0.130053 0.989239 1.212935 0.000000 0.000000 0.000000 1.000000
0.995972 -0.050453 -0.074117 2.446264 0.059549 0.990222 0.126149 103.258621 0.067028 -0.130055 0.989239 1.199284 0.000000 0.000000 0.000000 1.000000
0.995968 -0.050520 -0.074128 2.364845 0.059618 0.990219 0.126145 103.250526 0.067030 -0.130056 0.989238 1.185848 0.000000 0.000000 0.000000 1.000000
0.995965 -0.050576 -0.074138 2.284274 0.059674 0.990216 0.126141 103.243668 0.067033 -0.130056 0.989238 1.172747 0.000000 0.000000 0.000000 1.000000
0.995961 -0.050629 -0.074147 2.204474 0.059727 0.990213 0.126136 103.236473 0.067035 -0.130055 0.989238 1.160059 0.000000 0.000000 0.000000 1.000000
0.995957 -0.050696 -0.074158 2.125202 0.059795 0.990210 0.126131 103.230110 0.067038 -0.130055 0.989238 1.147361 0.000000 0.000000 0.000000 1.000000
0.995953 -0.050766 -0.074169 2.046582 0.059866 0.990206 0.126125 103.223587 0.067040 -0.130055 0.989238 1.134863 0.000000 0.000000 0.000000 1.000000
0.995949 -0.050830 -0.074180 1.968714 0.059930 0.990203 0.126119 103.217033 0.067042 -0.130054 0.989238 1.122624 0.000000 0.000000 0.000000 1.000000
0.995945 -0.050884 -0.074189 1.891625 0.059985 0.990201 0.126113 103.209625 0.067045 -0.130052 0.989238 1.110864 0.000000 0.000000 0.000000 1.000000
0.995941 -0.050946 -0.074199 1.815034 0.060047 0.990198 0.126106 103.203430 0.067047 -0.130049 0.989238 1.099162 0.000000 0.000000 0.000000 1.000000
0.995938 -0.051005 -0.074209 1.739092 0.060106 0.990197 0.126087 103.196701 0.067050 -0.130035 0.989240 1.087793 0.000000 0.000000 0.000000 1.000000
0.995933 -0.051074 -0.074220 1.663623 0.060175 0.990195 0.126067 103.190056 0.067053 -0.130021 0.989241 1.076501 0.000000 0.000000 0.000000 1.000000
0.995928 -0.051151 -0.074231 1.588587 0.060251 0.990193 0.126047 103.183701 0.067055 -0.130006 0.989243 1.065381 0.000000 0.000000 0.000000 1.000000
0.995925 -0.051210 -0.074240 1.514334 0.060310 0.990192 0.126026 103.177032 0.067058 -0.129990 0.989245 1.054695 0.000000 0.000000 0.000000 1.000000
0.995921 -0.051262 -0.074248 1.440640 0.060361 0.990192 0.126005 103.170807 0.067060 -0.129973 0.989247 1.044315 0.000000 0.000000 0.000000 1.000000
0.995917 -0.051332 -0.074258 1.367197 0.060430 0.990190 0.125983 103.165085 0.067062 -0.129956 0.989249 1.033930 0.000000 0.000000 0.000000 1.000000
0.995912 -0.051409 -0.074269 1.294162 0.060506 0.990188 0.125961 103.159348 0.067065 -0.129940 0.989251 1.023676 0.000000 0.000000 0.000000 1.000000
0.995907 -0.051495 -0.074281 1.221458 0.060592 0.990186 0.125939 103.153503 0.067067 -0.129924 0.989253 1.013513 0.000000 0.000000 0.000000 1.000000
0.995903 -0.051556 -0.074289 1.149482 0.060652 0.990185 0.125914 103.147705 0.067068 -0.129904 0.989256 1.003906 0.000000 0.000000 0.000000 1.000000
0.995898 -0.051636 -0.074300 1.077642 0.060732 0.990184 0.125888 103.142899 0.067071 -0.129884 0.989258 0.994257 0.000000 0.000000 0.000000 1.000000
0.995895 -0.051691 -0.074307 1.006523 0.060786 0.990184 0.125861 103.137390 0.067071 -0.129861 0.989261 0.985222 0.000000 0.000000 0.000000 1.000000
0.995889 -0.051787 -0.074319 0.935342 0.060880 0.990181 0.125834 103.133026 0.067073 -0.129842 0.989264 0.975905 0.000000 0.000000 0.000000 1.000000
0.995883 -0.051888 -0.074330 0.864388 0.060981 0.990179 0.125807 103.129166 0.067072 -0.129822 0.989266 0.966787 0.000000 0.000000 0.000000 1.000000
0.995880 -0.051941 -0.074336 0.794416 0.061033 0.990179 0.125780 103.123215 0.067073 -0.129798 0.989269 0.958444 0.000000 0.000000 0.000000 1.000000
0.995875 -0.052024 -0.074344 0.724283 0.061114 0.990178 0.125750 103.119400 0.067071 -0.129775 0.989272 0.950015 0.000000 0.000000 0.000000 1.000000
0.995869 -0.052127 -0.074355 0.654173 0.061216 0.990175 0.125720 103.116516 0.067071 -0.129753 0.989275 0.941444 0.000000 0.000000 0.000000 1.000000
0.995864 -0.052203 -0.074363 0.584642 0.061290 0.990174 0.125690 103.112762 0.067071 -0.129728 0.989279 0.933455 0.000000 0.000000 0.000000 1.000000
0.995857 -0.052325 -0.074375 0.514833 0.061411 0.990171 0.125659 103.109642 0.067069 -0.129706 0.989282 0.925145 0.000000 0.000000 0.000000 1.000000
0.995851 -0.052413 -0.074383 0.445502 0.061497 0.990170 0.125628 103.107491 0.067067 -0.129681 0.989285 0.917447 0.000000 0.000000 0.000000 1.000000
0.995845 -0.052524 -0.074394 0.376025 0.061607 0.990167 0.125597 103.105637 0.067065 -0.129658 0.989288 0.909635 0.000000 0.000000 0.000000 1.000000
0.995839 -0.052619 -0.074403 0.307774 0.061701 0.990165 0.125564 103.102974 0.067064 -0.129632 0.989292 0.902220 0.000000 0.000000 0.000000 1.000000
0.995832 -0.052744 -0.074414 0.241166 0.061824 0.990162 0.125530 103.102341 0.067061 -0.129607 0.989295 0.894682 0.000000 0.000000 0.000000 1.000000
0.995824 -0.052870 -0.074425 0.177654 0.061949 0.990158 0.125497 103.100449 0.067058 -0.129583 0.989298 0.887346 0.000000 0.000000 0.000000 1.000000
0.995818 -0.052978 -0.074434 0.118331 0.062054 0.990156 0.125463 103.099586 0.067054 -0.129557 0.989302 0.880417 0.000000 0.000000 0.000000 1.000000
0.995810 -0.053104 -0.074444 0.063869 0.062179 0.990152 0.125428 103.099373 0.067050 -0.129532 0.989306 0.873432 0.000000 0.000000 0.000000 1.000000
0.995804 -0.053214 -0.074452 0.015707 0.062287 0.990150 0.125393 103.098671 0.067046 -0.129504 0.989310 0.866904 0.000000 0.000000 0.000000 1.000000
0.995795 -0.053362 -0.074465 -0.028575 0.062434 0.990145 0.125357 103.100266 0.067042 -0.129479 0.989313 0.860040 0.000000 0.000000 0.000000 1.000000
0.995788 -0.053473 -0.074472 -0.069950 0.062542 0.990143 0.125321 103.100014 0.067036 -0.129451 0.989317 0.853910 0.000000 0.000000 0.000000 1.000000
0.995783 -0.053571 -0.074478 -0.108467 0.062638 0.990141 0.125285 103.099693 0.067032 -0.129422 0.989321 0.848026 0.000000 0.000000 0.000000 1.000000
0.995776 -0.053684 -0.074483 -0.144145 0.062748 0.990139 0.125248 103.101105 0.067025 -0.129393 0.989326 0.842265 0.000000 0.000000 0.000000 1.000000
0.995770 -0.053798 -0.074488 -0.176374 0.062860 0.990137 0.125211 103.102707 0.067017 -0.129364 0.989330 0.836679 0.000000 0.000000 0.000000 1.000000
0.995762 -0.053928 -0.074495 -0.204967 0.062988 0.990133 0.125173 103.104530 0.067010 -0.129335 0.989334 0.831041 0.000000 0.000000 0.000000 1.000000
0.995753 -0.054080 -0.074505 -0.229635 0.063137 0.990129 0.125136 103.106926 0.067002 -0.129308 0.989338 0.825351 0.000000 0.000000 0.000000 1.000000
