<?xml version="1.0" encoding="utf-8"?>
<COLLADA xmlns="http://www.collada.org/2005/11/COLLADASchema" version="1.4.1">
  <asset><contributor><author>Mixamo</author><authoring_tool>COLLADA Mixamo exporter</authoring_tool><comments></comments></contributor><created>2018-12-03T15:39:33Z</created><modified>2018-12-03T15:39:33Z</modified><revision></revision><title></title><unit meter="0.010000"/><up_axis>Y_UP</up_axis></asset>
  <library_animations>
    <animation id="mixamorig_Hips-anim" name="mixamorig_Hips"><source id="mixamorig_Hips-Matrix-animation-input"><float_array id="mixamorig_Hips-Matrix-animation-input-array" count="108">

0.000000 0.033333 0.066667 0.100000 0.133333 0.166667 0.200000 0.233333 0.266667 0.300000 0.333333 0.366667 0.400000 0.433333 0.466667 0.500000
0.533333 0.566667 0.600000 0.633333 0.666667 0.700000 0.733333 0.766667 0.800000 0.833333 0.866667 0.900000 0.933333 0.966667 1.000000 1.033333
1.066667 1.100000 1.133333 1.166667 1.200000 1.233333 1.266667 1.300000 1.333333 1.366667 1.400000 1.433333 1.466667 1.500000 1.533333 1.566667
1.600000 1.633333 1.666667 1.700000 1.733333 1.766667 1.800000 1.833333 1.866667 1.900000 1.933333 1.966667 2.000000 2.033333 2.066667 2.100000
2.133333 2.166667 2.200000 2.233333 2.266667 2.300000 2.333333 2.366667 2.400000 2.433333 2.466667 2.500000 2.533333 2.566667 2.600000 2.633333
2.666667 2.700000 2.733333 2.766667 2.800000 2.833333 2.866667 2.900000 2.933333 2.966667 3.000000 3.033333 3.066667 3.100000 3.133333 3.166667
3.200000 3.233333 3.266667 3.300000 3.333333 3.366667 3.400000 3.433333 3.466667 3.500000 3.533333 3.566667</float_array><technique_common><accessor source="#mixamorig_Hips-Matrix-animation-input-array" count="108"><param name="TIME" type="float"/></accessor></technique_common></source><source id="mixamorig_Hips-Matrix-animation-output-transform"><float_array id="mixamorig_Hips-Matrix-animation-output-transform-array" count="1728">

0.999781 -0.008538 0.019106 0.227292 0.006945 0.996614 0.081928 103.466408 -0.019740 -0.081777 0.996455 0.922639 0.000000 0.000000 0.000000 1.000000
0.999792 -0.019939 0.004252 0.129787 0.019545 0.996727 0.078437 104.029770 -0.005802 -0.078337 0.996910 4.624599 0.000000 0.000000 0.000000 1.000000
0.999573 -0.028425 -0.006773 0.077621 0.028845 0.996890 0.073332 104.288200 0.004668 -0.073497 0.997285 8.214289 0.000000 0.000000 0.000000 1.000000
0.999275 -0.035522 -0.013692 0.063350 0.036375 0.997012 0.068142 104.286835 0.011230 -0.068591 0.997582 11.859027 0.000000 0.000000 0.000000 1.000000
0.998963 -0.039973 -0.021781 0.088201 0.041272 0.997168 0.062877 104.154259 0.019206 -0.063710 0.997784 15.484892 0.000000 0.000000 0.000000 1.000000
0.998537 -0.041786 -0.034327 0.138811 0.043720 0.997377 0.057679 103.733917 0.031826 -0.059095 0.997745 19.460541 0.000000 0.000000 0.000000 1.000000
0.997920 -0.043195 -0.047849 0.218602 0.045718 0.997550 0.052954 102.875114 0.045444 -0.055031 0.997450 23.610012 0.000000 0.000000 0.000000 1.000000
0.997116 -0.044891 -0.061185 0.311368 0.047907 0.997662 0.048741 101.837868 0.058854 -0.051532 0.996936 27.845633 0.000000 0.000000 0.000000 1.000000
0.996118 -0.048768 -0.073288 0.466915 0.052181 0.997605 0.045409 100.728477 0.070898 -0.049057 0.996277 32.167328 0.000000 0.000000 0.000000 1.000000
0.994953 -0.054417 -0.084304 0.670087 0.058177 0.997388 0.042801 99.714455 0.081755 -0.047490 0.995520 36.575371 0.000000 0.000000 0.000000 1.000000
0.993540 -0.061531 -0.095348 0.885018 0.065651 0.997013 0.040686 98.883240 0.092560 -0.046683 0.994612 41.000637 0.000000 0.000000 0.000000 1.000000
0.991685 -0.072771 -0.106136 1.140188 0.077400 0.996191 0.040165 98.265015 0.102808 -0.048046 0.993540 45.417953 0.000000 0.000000 0.000000 1.000000
0.989829 -0.086300 -0.113097 1.467014 0.091569 0.994902 0.042245 98.012756 0.108875 -0.052172 0.992685 49.726704 0.000000 0.000000 0.000000 1.000000
0.988517 -0.098846 -0.114293 1.850528 0.104713 0.993414 0.046506 97.956696 0.108943 -0.057940 0.992358 53.825123 0.000000 0.000000 0.000000 1.000000
0.987385 -0.110696 -0.113217 2.217618 0.117149 0.991751 0.052010 98.078003 0.106526 -0.064617 0.992208 57.758205 0.000000 0.000000 0.000000 1.000000
0.987471 -0.116321 -0.106636 2.425188 0.123052 0.990653 0.058862 98.504333 0.098792 -0.071247 0.992554 61.571728 0.000000 0.000000 0.000000 1.000000
0.988986 -0.114252 -0.094088 2.497598 0.120711 0.990486 0.066073 99.133942 0.085644 -0.076703 0.993369 65.463730 0.000000 0.000000 0.000000 1.000000
0.991198 -0.107423 -0.077371 2.466465 0.112907 0.991110 0.070384 99.853073 0.069122 -0.078500 0.994515 69.386299 0.000000 0.000000 0.000000 1.000000
0.993619 -0.096946 -0.057635 2.374594 0.100982 0.992294 0.071799 100.631424 0.050231 -0.077161 0.995752 73.290375 0.000000 0.000000 0.000000 1.000000
0.995656 -0.085545 -0.036759 2.243827 0.087998 0.993566 0.071290 101.419617 0.030424 -0.074215 0.996778 77.176064 0.000000 0.000000 0.000000 1.000000
0.997033 -0.075255 -0.016194 2.030246 0.076185 0.994794 0.067688 101.945732 0.011016 -0.068721 0.997575 80.976288 0.000000 0.000000 0.000000 1.000000
0.997930 -0.064297 0.001346 1.760058 0.064084 0.995944 0.063157 102.265816 -0.005401 -0.062940 0.998003 84.713509 0.000000 0.000000 0.000000 1.000000
0.998334 -0.056366 0.012366 1.399260 0.055554 0.996753 0.058292 102.192101 -0.015611 -0.057508 0.998223 88.453156 0.000000 0.000000 0.000000 1.000000
0.998459 -0.051782 0.019966 0.976474 0.050656 0.997292 0.053308 101.804131 -0.022673 -0.052214 0.998378 92.425171 0.000000 0.000000 0.000000 1.000000
0.998327 -0.050997 0.027259 0.504996 0.049617 0.997560 0.049121 101.226082 -0.029697 -0.047686 0.998421 96.669411 0.000000 0.000000 0.000000 1.000000
0.997849 -0.053541 0.037825 -0.005543 0.051741 0.997550 0.047075 100.493309 -0.040253 -0.045017 0.998175 101.296333 0.000000 0.000000 0.000000 1.000000
0.996943 -0.057435 0.052970 -0.531657 0.055012 0.997420 0.046119 99.710526 -0.055483 -0.043064 0.997531 106.163536 0.000000 0.000000 0.000000 1.000000
0.996163 -0.054646 0.068364 -1.034554 0.051536 0.997590 0.046460 99.180252 -0.070738 -0.042758 0.996578 110.846939 0.000000 0.000000 0.000000 1.000000
0.995443 -0.050056 0.081163 -1.533845 0.046277 0.997785 0.047788 98.757927 -0.083375 -0.043815 0.995555 115.441109 0.000000 0.000000 0.000000 1.000000
0.994361 -0.051491 0.092712 -2.053538 0.047025 0.997655 0.049732 98.087128 -0.095056 -0.045092 0.994450 120.283226 0.000000 0.000000 0.000000 1.000000
0.993848 -0.050030 0.098809 -2.569685 0.044940 0.997578 0.053095 97.705170 -0.101226 -0.048328 0.993689 124.830986 0.000000 0.000000 0.000000 1.000000
0.993887 -0.045110 0.100765 -3.076852 0.039437 0.997560 0.057601 97.507553 -0.103117 -0.053275 0.993241 129.071335 0.000000 0.000000 0.000000 1.000000
0.994153 -0.039988 0.100307 -3.571882 0.033808 0.997467 0.062579 97.469261 -0.102556 -0.058822 0.992987 133.176041 0.000000 0.000000 0.000000 1.000000
0.994595 -0.035701 0.097498 -4.053774 0.029149 0.997272 0.067817 97.610275 -0.099653 -0.064609 0.992922 137.176453 0.000000 0.000000 0.000000 1.000000
0.995251 -0.029032 0.092913 -4.506928 0.022264 0.997078 0.073068 97.720993 -0.094763 -0.070652 0.992990 140.968842 0.000000 0.000000 0.000000 1.000000
0.996113 -0.023475 0.084901 -4.931610 0.016819 0.996789 0.078286 98.003395 -0.086466 -0.076554 0.993309 144.529282 0.000000 0.000000 0.000000 1.000000
0.997232 -0.018764 0.071951 -5.313259 0.012712 0.996413 0.083667 98.422684 -0.073263 -0.082521 0.993893 147.687515 0.000000 0.000000 0.000000 1.000000
0.998246 -0.013909 0.057538 -5.670667 0.008739 0.995981 0.089139 98.914261 -0.058546 -0.088480 0.994356 150.721359 0.000000 0.000000 0.000000 1.000000
0.999023 -0.009212 0.043222 -5.994747 0.005087 0.995503 0.094595 99.387604 -0.043899 -0.094283 0.994577 153.734283 0.000000 0.000000 0.000000 1.000000
0.999550 -0.004999 0.029575 -6.216367 0.002020 0.994994 0.099910 99.742584 -0.029926 -0.099805 0.994557 156.654404 0.000000 0.000000 0.000000 1.000000
0.999878 -0.001718 0.015541 -6.365200 0.000076 0.994464 0.105079 100.100929 -0.015635 -0.105065 0.994342 159.556290 0.000000 0.000000 0.000000 1.000000
0.999999 0.000761 0.001281 -6.347106 -0.000897 0.993954 0.109793 100.436546 -0.001190 -0.109794 0.993954 162.296814 0.000000 0.000000 0.000000 1.000000
0.999915 0.002326 -0.012849 -6.275160 -0.000842 0.993440 0.114356 100.812408 0.013030 -0.114335 0.993357 164.943207 0.000000 0.000000 0.000000 1.000000
0.999624 0.003201 -0.027249 -6.106615 0.000051 0.992950 0.118537 101.189941 0.027437 -0.118494 0.992576 167.524628 0.000000 0.000000 0.000000 1.000000
0.999127 0.003713 -0.041621 -5.916025 0.001420 0.992454 0.122608 101.594437 0.041762 -0.122560 0.991582 170.065109 0.000000 0.000000 0.000000 1.000000
0.998422 0.004054 -0.056001 -5.703562 0.003070 0.991956 0.126548 102.012970 0.056064 -0.126520 0.990379 172.565506 0.000000 0.000000 0.000000 1.000000
0.997464 0.003950 -0.071066 -5.371626 0.005325 0.991519 0.129856 102.387985 0.070977 -0.129905 0.988983 174.990448 0.000000 0.000000 0.000000 1.000000
0.996122 0.002841 -0.087935 -4.920640 0.008865 0.991151 0.132443 102.718758 0.087533 -0.132709 0.987282 177.332169 0.000000 0.000000 0.000000 1.000000
0.994716 0.001246 -0.102661 -4.373467 0.012472 0.991054 0.132876 103.029892 0.101909 -0.133454 0.985802 179.605042 0.000000 0.000000 0.000000 1.000000
0.993199 0.000275 -0.116431 -3.754429 0.015222 0.991107 0.132196 103.301941 0.115432 -0.133069 0.984362 181.836151 0.000000 0.000000 0.000000 1.000000
0.991386 -0.000092 -0.130974 -3.042171 0.017389 0.991239 0.130928 103.513947 0.129814 -0.132078 0.982702 183.938919 0.000000 0.000000 0.000000 1.000000
0.989231 0.000074 -0.146361 -2.277234 0.019082 0.991399 0.129472 103.642853 0.145111 -0.130871 0.980722 185.848602 0.000000 0.000000 0.000000 1.000000
0.987038 0.001165 -0.160485 -1.491310 0.019589 0.991622 0.127677 103.570259 0.159289 -0.129165 0.978746 187.387039 0.000000 0.000000 0.000000 1.000000
0.984866 0.000810 -0.173318 -0.610949 0.021276 0.991862 0.125531 103.468231 0.172009 -0.127319 0.976833 188.769852 0.000000 0.000000 0.000000 1.000000
0.981814 -0.001675 -0.189840 0.194107 0.025468 0.992085 0.122960 103.374062 0.188131 -0.125559 0.974085 189.985184 0.000000 0.000000 0.000000 1.000000
0.978014 -0.005736 -0.208461 0.967290 0.031380 0.992287 0.119920 103.291901 0.206165 -0.123825 0.970651 191.042801 0.000000 0.000000 0.000000 1.000000
0.974412 -0.010763 -0.224511 1.696471 0.037817 0.992465 0.116550 103.231079 0.221565 -0.122058 0.967476 191.950439 0.000000 0.000000 0.000000 1.000000
0.972252 -0.015879 -0.233395 2.204232 0.043351 0.992643 0.113049 103.221077 0.229883 -0.120030 0.965788 192.515411 0.000000 0.000000 0.000000 1.000000
0.970758 -0.020510 -0.239182 2.516269 0.047948 0.992833 0.109469 103.201180 0.235223 -0.117737 0.964784 192.776291 0.000000 0.000000 0.000000 1.000000
0.969401 -0.025126 -0.244194 2.777355 0.052383 0.993009 0.105778 103.176323 0.239829 -0.115333 0.963940 192.950394 0.000000 0.000000 0.000000 1.000000
0.968184 -0.029701 -0.248469 2.990986 0.056646 0.993169 0.102009 103.147522 0.243742 -0.112838 0.963254 193.045868 0.000000 0.000000 0.000000 1.000000
0.967110 -0.034207 -0.252047 3.160639 0.060726 0.993313 0.098196 103.115776 0.247002 -0.110272 0.962720 193.070770 0.000000 0.000000 0.000000 1.000000
0.966178 -0.038617 -0.254967 3.289798 0.064611 0.993438 0.094372 103.082138 0.249649 -0.107654 0.962334 193.033112 0.000000 0.000000 0.000000 1.000000
0.965387 -0.042901 -0.257269 3.381935 0.068289 0.993546 0.090570 103.047623 0.251723 -0.105004 0.962086 192.941101 0.000000 0.000000 0.000000 1.000000
0.964733 -0.047031 -0.258994 3.440485 0.071748 0.993637 0.086822 103.013397 0.253262 -0.102343 0.961969 192.802521 0.000000 0.000000 0.000000 1.000000
0.964213 -0.050977 -0.260182 3.468886 0.074976 0.993712 0.083159 102.980568 0.254306 -0.099691 0.961972 192.625473 0.000000 0.000000 0.000000 1.000000
0.963821 -0.054710 -0.260874 3.470580 0.077959 0.993773 0.079613 102.950409 0.254894 -0.097070 0.962085 192.418076 0.000000 0.000000 0.000000 1.000000
0.963552 -0.058204 -0.261112 3.448925 0.080685 0.993822 0.076213 102.924194 0.255063 -0.094503 0.962295 192.188187 0.000000 0.000000 0.000000 1.000000
0.963400 -0.061423 -0.260936 3.407371 0.083135 0.993862 0.072990 102.902962 0.254851 -0.092012 0.962593 191.943817 0.000000 0.000000 0.000000 1.000000
0.963358 -0.064337 -0.260387 3.349293 0.085290 0.993896 0.069975 102.888023 0.254296 -0.089619 0.962965 191.693100 0.000000 0.000000 0.000000 1.000000
0.963421 -0.066911 -0.259507 3.278100 0.087129 0.993928 0.067195 102.880600 0.253435 -0.087347 0.963401 191.444046 0.000000 0.000000 0.000000 1.000000
0.963581 -0.069110 -0.258334 3.197181 0.088630 0.993962 0.064680 102.882126 0.252304 -0.085220 0.963888 191.204758 0.000000 0.000000 0.000000 1.000000
0.963835 -0.070866 -0.256905 3.110113 0.089733 0.994006 0.062458 102.896210 0.250939 -0.083252 0.964416 190.983856 0.000000 0.000000 0.000000 1.000000
0.965060 -0.070848 -0.252268 2.857042 0.089135 0.994100 0.061805 102.919769 0.246401 -0.082131 0.965682 190.650162 0.000000 0.000000 0.000000 1.000000
0.966321 -0.070574 -0.247473 2.611482 0.088350 0.994191 0.061464 102.949463 0.241698 -0.081258 0.966943 190.341187 0.000000 0.000000 0.000000 1.000000
0.967968 -0.069328 -0.241311 2.421988 0.086914 0.994222 0.062999 102.984451 0.235549 -0.081954 0.968401 190.078735 0.000000 0.000000 0.000000 1.000000
0.969651 -0.067996 -0.234847 2.242317 0.085432 0.994230 0.064875 103.014671 0.229081 -0.082970 0.969865 189.827728 0.000000 0.000000 0.000000 1.000000
0.971345 -0.066684 -0.228129 2.070488 0.084004 0.994206 0.067063 103.034851 0.222336 -0.084305 0.971318 189.583435 0.000000 0.000000 0.000000 1.000000
0.972997 -0.065765 -0.221250 1.902492 0.083004 0.994121 0.069532 103.023193 0.215376 -0.086019 0.972735 189.336639 0.000000 0.000000 0.000000 1.000000
0.974651 -0.064730 -0.214161 1.741379 0.081892 0.994019 0.072252 103.012917 0.208204 -0.087959 0.974122 189.093369 0.000000 0.000000 0.000000 1.000000
0.976292 -0.063602 -0.206901 1.585732 0.080685 0.993899 0.075195 103.003754 0.200857 -0.090106 0.975468 188.850113 0.000000 0.000000 0.000000 1.000000
0.977907 -0.062407 -0.199507 1.434107 0.079399 0.993760 0.078332 102.995773 0.193374 -0.092442 0.976761 188.603729 0.000000 0.000000 0.000000 1.000000
0.979484 -0.061167 -0.192015 1.285131 0.078052 0.993602 0.081632 102.988846 0.185793 -0.094944 0.977991 188.350967 0.000000 0.000000 0.000000 1.000000
0.981012 -0.059910 -0.184464 1.137313 0.076663 0.993422 0.085067 102.983055 0.178154 -0.097594 0.979151 188.088425 0.000000 0.000000 0.000000 1.000000
0.982481 -0.058656 -0.176893 0.989262 0.075251 0.993220 0.088609 102.978409 0.170496 -0.100368 0.980233 187.812988 0.000000 0.000000 0.000000 1.000000
0.983883 -0.057432 -0.169340 0.839530 0.073838 0.992996 0.092229 102.974953 0.162857 -0.103246 0.981233 187.521301 0.000000 0.000000 0.000000 1.000000
0.985211 -0.056262 -0.161844 0.686682 0.072446 0.992751 0.095900 102.972946 0.155275 -0.106207 0.982146 187.210098 0.000000 0.000000 0.000000 1.000000
0.986490 -0.054980 -0.154320 0.554292 0.070959 0.992452 0.100021 102.974579 0.147656 -0.109620 0.982945 186.903809 0.000000 0.000000 0.000000 1.000000
0.987665 -0.053657 -0.147098 0.444210 0.069447 0.992108 0.104393 102.980515 0.140336 -0.113321 0.983598 186.614197 0.000000 0.000000 0.000000 1.000000
0.988687 -0.052523 -0.140498 0.331385 0.068100 0.991765 0.108467 102.989059 0.133644 -0.116808 0.984121 186.318283 0.000000 0.000000 0.000000 1.000000
0.989551 -0.051605 -0.134629 0.214726 0.066964 0.991430 0.112171 103.000534 0.127687 -0.120014 0.984527 186.016525 0.000000 0.000000 0.000000 1.000000
0.990129 -0.051019 -0.130547 0.125368 0.066213 0.991176 0.114829 103.010353 0.123536 -0.122339 0.984770 185.795990 0.000000 0.000000 0.000000 1.000000
0.990477 -0.050669 -0.128015 0.070084 0.065757 0.991008 0.116529 103.015419 0.120960 -0.123837 0.984903 185.668976 0.000000 0.000000 0.000000 1.000000
0.990756 -0.050395 -0.125948 0.024836 0.065393 0.990865 0.117942 103.019943 0.118853 -0.125087 0.985001 185.569839 0.000000 0.000000 0.000000 1.000000
0.990976 -0.050182 -0.124295 -0.011295 0.065108 0.990745 0.119099 103.023712 0.117168 -0.126117 0.985072 185.495758 0.000000 0.000000 0.000000 1.000000
0.991144 -0.050021 -0.123008 -0.039372 0.064892 0.990647 0.120031 103.026840 0.115854 -0.126950 0.985120 185.443680 0.000000 0.000000 0.000000 1.000000
0.991270 -0.049905 -0.122040 -0.060452 0.064738 0.990568 0.120768 103.029266 0.114861 -0.127615 0.985150 185.410797 0.000000 0.000000 0.000000 1.000000
0.991358 -0.049869 -0.121340 -0.075704 0.064678 0.990502 0.121341 103.031082 0.114136 -0.128140 0.985167 185.394196 0.000000 0.000000 0.000000 1.000000
0.991418 -0.049831 -0.120860 -0.086026 0.064628 0.990451 0.121778 103.032394 0.113638 -0.128544 0.985171 185.390884 0.000000 0.000000 0.000000 1.000000
0.991458 -0.049791 -0.120552 -0.092518 0.064586 0.990413 0.122112 103.033310 0.113316 -0.128855 0.985168 185.397827 0.000000 0.000000 0.000000 1.000000
0.991482 -0.049752 -0.120366 -0.096278 0.064553 0.990383 0.122370 103.033890 0.113120 -0.129098 0.985159 185.412292 0.000000 0.000000 0.000000 1.000000
0.991498 -0.049716 -0.120253 -0.098399 0.064526 0.990358 0.122584 103.034233 0.112999 -0.129301 0.985146 185.431091 0.000000 0.000000 0.000000 1.000000
0.991510 -0.049684 -0.120161 -0.099979 0.064505 0.990335 0.122782 103.034569 0.112899 -0.129491 0.985132 185.451508 0.000000 0.000000 0.000000 1.000000
0.991525 -0.049658 -0.120051 -0.102125 0.064490 0.990310 0.122996 103.034912 0.112780 -0.129696 0.985119 185.470337 0.000000 0.000000 0.000000 1.000000
0.991548 -0.049641 -0.119865 -0.105933 0.064477 0.990278 0.123254 103.035423 0.112581 -0.129941 0.985110 185.484711 0.000000 0.000000 0.000000 1.000000
0.991586 -0.049634 -0.119556 -0.112485 0.064467 0.990237 0.123587 103.036209 0.112255 -0.130255 0.985105 185.491791 0.000000 0.000000 0.000000 1.000000
0.991644 -0.049639 -0.119076 -0.122901 0.064459 0.990183 0.124025 103.037384 0.111751 -0.130664 0.985108 185.488510 0.000000 0.000000 0.000000 1.000000
0.991725 -0.049678 -0.118376 -0.138299 0.064469 0.990111 0.124597 103.039032 0.111015 -0.131197 0.985121 185.471863 0.000000 0.000000 0.000000 1.000000</float_array><technique_common><accessor source="#mixamorig_Hips-Matrix-animation-output-transform-array" count="108" stride="16"><param type="float4x4"/></accessor></technique_common></source><source id="mixamorig_Hips-Interpolations"><Name_array id="mixamorig_Hips-Interpolations-array" count="108">
 LINEAR LINEAR LINEAR LINEAR LINEAR LINEAR LINEAR LINEAR LINEAR LINEAR LINEAR
LINEAR LINEAR LINEAR LINEAR LINEAR LINEAR LINEAR LINEAR LINEAR LINEAR LINEAR LINEAR
LINEAR LINEAR LINEAR LINEAR LINEAR LINEAR LINEAR LINEAR LINEAR LINEAR LINEAR LINEAR
LINEAR LINEAR LINEAR LINEAR LINEAR LINEAR LINEAR LINEAR LINEAR LINEAR LINEAR LINEAR
LINEAR LINEAR LINEAR LINEAR LINEAR LINEAR LINEAR LINEAR LINEAR LINEAR LINEAR LINEAR
LINEAR LINEAR LINEAR LINEAR LINEAR LINEAR LINEAR LINEAR LINEAR LINEAR LINEAR LINEAR
LINEAR LINEAR LINEAR LINEAR LINEAR LINEAR LINEAR LINEAR LINEAR LINEAR LINEAR LINEAR
LINEAR LINEAR LINEAR LINEAR LINEAR LINEAR LINEAR LINEAR LINEAR LINEAR LINEAR LINEAR
LINEAR LINEAR LINEAR LINEAR LINEAR LINEAR LINEAR LINEAR LINEAR LINEAR LINEAR LINEAR
LINEAR</Name_array><technique_common><accessor source="#mixamorig_Hips-Interpolations-array" count="108"><param type="name"/></accessor></technique_common></source><sampler id="mixamorig_Hips-Matrix-animation-transform"><input semantic="INPUT" source="#mixamorig_Hips-Matrix-animation-input"/><input semantic="OUTPUT" source="#mixamorig_Hips-Matrix-animation-output-transform"/><input semantic="INTERPOLATION" source="#mixamorig_Hips-Interpolations"/></sampler><channel source="#mixamorig_Hips-Matrix-animation-transform" target="mixamorig_Hips/matrix"/></animation>
    <animation id="mixamorig_Spine-anim" name="mixamorig_Spine"><source id="mixamorig_Spine-Matrix-animation-input"><float_array id="mixamorig_Spine-Matrix-animation-input-array" count="108">

0.000000 0.033333 0.066667 0.100000 0.133333 0.166667 0.200000 0.233333 0.266667 0.300000 0.333333 0.366667 0.400000 0.433333 0.466667 0.500000
0.533333 0.566667 0.600000 0.633333 0.666667 0.700000 0.733333 0.766667 0.800000 0.833333 0.866667 0.900000 0.933333 0.966667 1.000000 1.033333
1.066667 1.100000 1.133333 1.166667 1.200000 1.233333 1.266667 1.300000 1.333333 1.366667 1.400000 1.433333 1.466667 1.500000 1.533333 1.566667
1.600000 1.633333 1.666667 1.700000 1.733333 1.766667 1.800000 1.833333 1.866667 1.900000 1.933333 1.966667 2.000000 2.033333 2.066667 2.100000
2.133333 2.166667 2.200000 2.233333 2.266667 2.300000 2.333333 2.366667 2.400000 2.433333 2.466667 2.500000 2.533333 2.566667 2.600000 2.633333
2.666667 2.700000 2.733333 2.766667 2.800000 2.833333 2.866667 2.900000 2.933333 2.966667 3.000000 3.033333 3.066667 3.100000 3.133333 3.166667
3.200000 3.233333 3.266667 3.300000 3.333333 3.366667 3.400000 3.433333 3.466667 3.500000 3.533333 3.566667</float_array><technique_common><accessor source="#mixamorig_Spine-Matrix-animation-input-array" count="108"><param name="TIME" type="float"/></accessor></technique_common></source><source id="mixamorig_Spine-Matrix-animation-output-transform"><float_array id="mixamorig_Spine-Matrix-animation-output-transform-array" count="1728">

0.995316 -0.040764 -0.087662 -0.038100 0.026560 0.987165 -0.157481 9.490500 0.092956 0.154415 0.983624 -1.392100 0.000000 0.000000 0.000000 1.000000
0.995882 -0.031125 -0.085153 -0.038100 0.017616 0.987753 -0.155027 9.490500 0.088935 0.152889 0.984233 -1.392100 0.000000 0.000000 0.000000 1.000000
0.996570 -0.022816 -0.079546 -0.038100 0.010640 0.988590 -0.150255 9.490500 0.082067 0.148894 0.985442 -1.392100 0.000000 0.000000 0.000000 1.000000
0.997302 -0.015530 -0.071749 -0.038100 0.005017 0.989499 -0.144454 9.490500 0.073239 0.143705 0.986907 -1.392100 0.000000 0.000000 0.000000 1.000000
0.998000 -0.009697 -0.062459 -0.038100 0.000986 0.990431 -0.138003 9.490500 0.063200 0.137665 0.988460 -1.392100 0.000000 0.000000 0.000000 1.000000
0.998635 -0.005136 -0.051973 -0.038100 -0.001609 0.991656 -0.128904 9.490500 0.052201 0.128812 0.990294 -1.392100 0.000000 0.000000 0.000000 1.000000
0.999217 0.000797 -0.039556 -0.038100 -0.005510 0.992859 -0.119163 9.490500 0.039179 0.119288 0.992086 -1.392100 0.000000 0.000000 0.000000 1.000000
0.999610 0.011226 -0.025584 -0.038100 -0.014010 0.993680 -0.111372 9.490500 0.024172 0.111687 0.993449 -1.392100 0.000000 0.000000 0.000000 1.000000
0.999684 0.022627 -0.010978 -0.038100 -0.023668 0.994034 -0.106475 9.490500 0.008503 0.106701 0.994255 -1.392100 0.000000 0.000000 0.000000 1.000000
0.999417 0.033995 0.003284 -0.038100 -0.033469 0.994008 -0.104060 9.490500 -0.006802 0.103890 0.994566 -1.392100 0.000000 0.000000 0.000000 1.000000
0.998817 0.045958 0.015912 -0.038100 -0.044091 0.993747 -0.102586 9.490500 -0.020527 0.101763 0.994597 -1.392100 0.000000 0.000000 0.000000 1.000000
0.997930 0.059068 0.025450 -0.038100 -0.056149 0.993076 -0.103185 9.490500 -0.031369 0.101542 0.994337 -1.392100 0.000000 0.000000 0.000000 1.000000
0.997097 0.071210 0.026957 -0.038100 -0.067922 0.991856 -0.107743 9.490500 -0.034410 0.105599 0.993813 -1.392100 0.000000 0.000000 0.000000 1.000000
0.996439 0.081663 0.020980 -0.038100 -0.078726 0.990213 -0.115244 9.490500 -0.030186 0.113182 0.993116 -1.392100 0.000000 0.000000 0.000000 1.000000
0.996022 0.088573 0.009781 -0.038100 -0.086727 0.988732 -0.122011 9.490500 -0.020478 0.120678 0.992481 -1.392100 0.000000 0.000000 0.000000 1.000000
0.996050 0.088607 -0.005739 -0.038100 -0.088623 0.988073 -0.125928 9.490500 -0.005488 0.125939 0.992023 -1.392100 0.000000 0.000000 0.000000 1.000000
0.996404 0.081649 -0.022650 -0.038100 -0.083907 0.988015 -0.129564 9.490500 0.011800 0.130998 0.991312 -1.392100 0.000000 0.000000 0.000000 1.000000
0.996623 0.069509 -0.043711 -0.038100 -0.074712 0.988487 -0.131573 9.490500 0.034062 0.134395 0.990342 -1.392100 0.000000 0.000000 0.000000 1.000000
0.996191 0.053966 -0.068497 -0.038100 -0.062662 0.989279 -0.131910 9.490500 0.060644 0.135700 0.988892 -1.392100 0.000000 0.000000 0.000000 1.000000
0.994862 0.037870 -0.093887 -0.038100 -0.050083 0.990071 -0.131345 9.490500 0.087981 0.135373 0.986881 -1.392100 0.000000 0.000000 0.000000 1.000000
0.993284 0.024416 -0.113095 -0.038100 -0.039113 0.990792 -0.129621 9.490500 0.108889 0.133174 0.985093 -1.392100 0.000000 0.000000 0.000000 1.000000
0.992500 0.012567 -0.121599 -0.038100 -0.028292 0.991309 -0.128473 9.490500 0.118927 0.130950 0.984230 -1.392100 0.000000 0.000000 0.000000 1.000000
0.992636 0.004135 -0.121067 -0.038100 -0.019557 0.991777 -0.126473 9.490500 0.119549 0.127910 0.984554 -1.392100 0.000000 0.000000 0.000000 1.000000
0.992708 -0.000637 -0.120546 -0.038100 -0.014255 0.992350 -0.122631 9.490500 0.119702 0.123455 0.985104 -1.392100 0.000000 0.000000 0.000000 1.000000
0.992260 -0.002413 -0.124151 -0.038100 -0.012113 0.993163 -0.116108 9.490500 0.123583 0.116713 0.985447 -1.392100 0.000000 0.000000 0.000000 1.000000
0.991555 -0.001356 -0.129677 -0.038100 -0.012583 0.994221 -0.106611 9.490500 0.129072 0.107343 0.985808 -1.392100 0.000000 0.000000 0.000000 1.000000
0.990708 0.000347 -0.136005 -0.038100 -0.013640 0.995208 -0.096825 9.490500 0.135320 0.097780 0.985965 -1.392100 0.000000 0.000000 0.000000 1.000000
0.989968 -0.005543 -0.141182 -0.038100 -0.007728 0.995610 -0.093280 9.490500 0.141080 0.093435 0.985579 -1.392100 0.000000 0.000000 0.000000 1.000000
0.989265 -0.015557 -0.145303 -0.038100 0.001597 0.995409 -0.095699 9.490500 0.146125 0.094440 0.984748 -1.392100 0.000000 0.000000 0.000000 1.000000
0.988474 -0.019518 -0.150124 -0.038100 0.004696 0.995130 -0.098459 9.490500 0.151315 0.096619 0.983752 -1.392100 0.000000 0.000000 0.000000 1.000000
0.988077 -0.026193 -0.151719 -0.038100 0.010222 0.994409 -0.105105 9.490500 0.153624 0.102301 0.982820 -1.392100 0.000000 0.000000 0.000000 1.000000
0.987956 -0.035994 -0.150490 -0.038100 0.018690 0.993207 -0.114854 9.490500 0.153601 0.110658 0.981917 -1.392100 0.000000 0.000000 0.000000 1.000000
0.987978 -0.045383 -0.147781 -0.038100 0.026912 0.991833 -0.124672 9.490500 0.152232 0.119196 0.981131 -1.392100 0.000000 0.000000 0.000000 1.000000
0.988252 -0.052977 -0.143358 -0.038100 0.033730 0.990475 -0.133499 9.490500 0.149065 0.127095 0.980626 -1.392100 0.000000 0.000000 0.000000 1.000000
0.988594 -0.061831 -0.137325 -0.038100 0.042300 0.989128 -0.140842 9.490500 0.144541 0.133427 0.980462 -1.392100 0.000000 0.000000 0.000000 1.000000
0.989409 -0.067111 -0.128709 -0.038100 0.048319 0.988407 -0.143934 9.490500 0.136876 0.136190 0.981181 -1.392100 0.000000 0.000000 0.000000 1.000000
0.990844 -0.068279 -0.116478 -0.038100 0.051499 0.988607 -0.141436 9.490500 0.124808 0.134143 0.983071 -1.392100 0.000000 0.000000 0.000000 1.000000
0.992318 -0.068634 -0.102925 -0.038100 0.054192 0.989077 -0.137077 9.490500 0.111209 0.130446 0.985199 -1.392100 0.000000 0.000000 0.000000 1.000000
0.993665 -0.068713 -0.088932 -0.038100 0.056567 0.989562 -0.132538 9.490500 0.097110 0.126668 0.987180 -1.392100 0.000000 0.000000 0.000000 1.000000
0.994958 -0.067987 -0.073734 -0.038100 0.058227 0.990157 -0.127274 9.490500 0.081661 0.122339 0.989123 -1.392100 0.000000 0.000000 0.000000 1.000000
0.996084 -0.066473 -0.058291 -0.038100 0.059004 0.990821 -0.121625 9.490500 0.065840 0.117710 0.990863 -1.392100 0.000000 0.000000 0.000000 1.000000
0.997003 -0.063980 -0.043488 -0.038100 0.058579 0.991545 -0.115785 9.490500 0.050528 0.112890 0.992322 -1.392100 0.000000 0.000000 0.000000 1.000000
0.997736 -0.060470 -0.029433 -0.038100 0.056900 0.992312 -0.109906 9.490500 0.035853 0.107982 0.993506 -1.392100 0.000000 0.000000 0.000000 1.000000
0.998281 -0.056237 -0.016500 -0.038100 0.054224 0.993087 -0.104110 9.490500 0.022241 0.103036 0.994429 -1.392100 0.000000 0.000000 0.000000 1.000000
0.998660 -0.051579 -0.004288 -0.038100 0.050908 0.993842 -0.098422 9.490500 0.009338 0.098072 0.995136 -1.392100 0.000000 0.000000 0.000000 1.000000
0.998882 -0.046727 0.007152 -0.038100 0.047190 0.994559 -0.092875 9.490500 -0.002774 0.093109 0.995652 -1.392100 0.000000 0.000000 0.000000 1.000000
0.999033 -0.041433 0.014725 -0.038100 0.042568 0.995237 -0.087695 9.490500 -0.011022 0.088237 0.996039 -1.392100 0.000000 0.000000 0.000000 1.000000
0.999244 -0.035451 0.015929 -0.038100 0.036655 0.995874 -0.083009 9.490500 -0.012920 0.083530 0.996421 -1.392100 0.000000 0.000000 0.000000 1.000000
0.999497 -0.029542 0.011549 -0.038100 0.030360 0.996445 -0.078587 9.490500 -0.009187 0.078898 0.996840 -1.392100 0.000000 0.000000 0.000000 1.000000
0.999682 -0.024542 0.005879 -0.038100 0.024912 0.996901 -0.074623 9.490500 -0.004030 0.074746 0.997194 -1.392100 0.000000 0.000000 0.000000 1.000000
0.999788 -0.020451 0.002580 -0.038100 0.020583 0.997217 -0.071658 9.490500 -0.001107 0.071696 0.997426 -1.392100 0.000000 0.000000 0.000000 1.000000
0.999852 -0.017136 0.001786 -0.038100 0.017219 0.997404 -0.069918 9.490500 -0.000583 0.069938 0.997551 -1.392100 0.000000 0.000000 0.000000 1.000000
0.999877 -0.015553 0.001938 -0.038100 0.015650 0.997501 -0.068897 9.490500 -0.000862 0.068919 0.997622 -1.392100 0.000000 0.000000 0.000000 1.000000
0.999899 -0.013521 0.004333 -0.038100 0.013788 0.997528 -0.068909 9.490500 -0.003391 0.068962 0.997614 -1.392100 0.000000 0.000000 0.000000 1.000000
0.999898 -0.010092 0.010105 -0.038100 0.010777 0.997474 -0.070216 9.490500 -0.009371 0.070318 0.997481 -1.392100 0.000000 0.000000 0.000000 1.000000
0.999835 -0.005796 0.017231 -0.038100 0.007020 0.997391 -0.071849 9.490500 -0.016770 0.071958 0.997267 -1.392100 0.000000 0.000000 0.000000 1.000000
0.999745 -0.001100 0.022564 -0.038100 0.002740 0.997344 -0.072779 9.490500 -0.022424 0.072822 0.997093 -1.392100 0.000000 0.000000 0.000000 1.000000
0.999649 0.003339 0.026298 -0.038100 -0.001406 0.997317 -0.073194 9.490500 -0.026472 0.073132 0.996971 -1.392100 0.000000 0.000000 0.000000 1.000000
0.999523 0.007441 0.029990 -0.038100 -0.005218 0.997281 -0.073513 9.490500 -0.030455 0.073322 0.996843 -1.392100 0.000000 0.000000 0.000000 1.000000
0.999363 0.011540 0.033775 -0.038100 -0.009020 0.997230 -0.073832 9.490500 -0.034534 0.073480 0.996699 -1.392100 0.000000 0.000000 0.000000 1.000000
0.999171 0.015604 0.037607 -0.038100 -0.012782 0.997166 -0.074146 9.490500 -0.038657 0.073603 0.996538 -1.392100 0.000000 0.000000 0.000000 1.000000
0.998948 0.019621 0.041458 -0.038100 -0.016495 0.997087 -0.074462 9.490500 -0.042798 0.073700 0.996362 -1.392100 0.000000 0.000000 0.000000 1.000000
0.998696 0.023574 0.045292 -0.038100 -0.020143 0.996997 -0.074780 9.490500 -0.046919 0.073770 0.996171 -1.392100 0.000000 0.000000 0.000000 1.000000
0.998418 0.027445 0.049079 -0.038100 -0.023711 0.996894 -0.075105 9.490500 -0.050988 0.073823 0.995967 -1.392100 0.000000 0.000000 0.000000 1.000000
0.998118 0.031217 0.052786 -0.038100 -0.027185 0.996780 -0.075435 9.490500 -0.054971 0.073858 0.995753 -1.392100 0.000000 0.000000 0.000000 1.000000
0.997800 0.034871 0.056382 -0.038100 -0.030550 0.996657 -0.075772 9.490500 -0.058835 0.073883 0.995530 -1.392100 0.000000 0.000000 0.000000 1.000000
0.997470 0.038391 0.059834 -0.038100 -0.033789 0.996526 -0.076118 9.490500 -0.062548 0.073904 0.995302 -1.392100 0.000000 0.000000 0.000000 1.000000
0.997132 0.041761 0.063112 -0.038100 -0.036890 0.996389 -0.076471 9.490500 -0.066078 0.073924 0.995072 -1.392100 0.000000 0.000000 0.000000 1.000000
0.996794 0.044955 0.066183 -0.038100 -0.039829 0.996248 -0.076829 9.490500 -0.069389 0.073947 0.994845 -1.392100 0.000000 0.000000 0.000000 1.000000
0.996462 0.047957 0.069023 -0.038100 -0.042593 0.996106 -0.077193 9.490500 -0.072456 0.073980 0.994624 -1.392100 0.000000 0.000000 0.000000 1.000000
0.996144 0.050731 0.071579 -0.038100 -0.045149 0.995966 -0.077552 9.490500 -0.075224 0.074021 0.994416 -1.392100 0.000000 0.000000 0.000000 1.000000
0.995843 0.053284 0.073881 -0.038100 -0.047504 0.995828 -0.077904 9.490500 -0.077724 0.074071 0.994220 -1.392100 0.000000 0.000000 0.000000 1.000000
0.995591 0.055436 0.075663 -0.038100 -0.049496 0.995705 -0.078243 9.490500 -0.079675 0.074153 0.994059 -1.392100 0.000000 0.000000 0.000000 1.000000
0.995481 0.056814 0.076096 -0.038100 -0.050823 0.995619 -0.078484 9.490500 -0.080222 0.074261 0.994007 -1.392100 0.000000 0.000000 0.000000 1.000000
0.995420 0.057758 0.076172 -0.038100 -0.051740 0.995552 -0.078740 9.490500 -0.080381 0.074438 0.993981 -1.392100 0.000000 0.000000 0.000000 1.000000
0.995480 0.057655 0.075464 -0.038100 -0.051661 0.995527 -0.079103 9.490500 -0.079687 0.074847 0.994006 -1.392100 0.000000 0.000000 0.000000 1.000000
0.995574 0.057312 0.074479 -0.038100 -0.051361 0.995511 -0.079499 9.490500 -0.078701 0.075321 0.994049 -1.392100 0.000000 0.000000 0.000000 1.000000
0.995675 0.056975 0.073383 -0.038100 -0.051074 0.995492 -0.079921 9.490500 -0.077605 0.075828 0.994096 -1.392100 0.000000 0.000000 0.000000 1.000000
0.995761 0.057035 0.072164 -0.038100 -0.051190 0.995447 -0.080409 9.490500 -0.076422 0.076374 0.994146 -1.392100 0.000000 0.000000 0.000000 1.000000
0.995866 0.056893 0.070805 -0.038100 -0.051114 0.995410 -0.080914 9.490500 -0.075083 0.076961 0.994203 -1.392100 0.000000 0.000000 0.000000 1.000000
0.995990 0.056584 0.069303 -0.038100 -0.050882 0.995378 -0.081443 9.490500 -0.073591 0.077590 0.994266 -1.392100 0.000000 0.000000 0.000000 1.000000
0.996128 0.056124 0.067668 -0.038100 -0.050510 0.995352 -0.081998 9.490500 -0.071955 0.078263 0.994333 -1.392100 0.000000 0.000000 0.000000 1.000000
0.996280 0.055522 0.065902 -0.038100 -0.050006 0.995329 -0.082584 9.490500 -0.070179 0.078981 0.994403 -1.392100 0.000000 0.000000 0.000000 1.000000
0.996443 0.054805 0.064011 -0.038100 -0.049398 0.995307 -0.083204 9.490500 -0.068270 0.079746 0.994475 -1.392100 0.000000 0.000000 0.000000 1.000000
0.996619 0.053916 0.062004 -0.038100 -0.048627 0.995291 -0.083857 9.490500 -0.066234 0.080559 0.994547 -1.392100 0.000000 0.000000 0.000000 1.000000
0.996805 0.052869 0.059870 -0.038100 -0.047709 0.995276 -0.084553 9.490500 -0.064058 0.081427 0.994619 -1.392100 0.000000 0.000000 0.000000 1.000000
0.996992 0.051763 0.057677 -0.038100 -0.046739 0.995260 -0.085280 9.490500 -0.061818 0.082328 0.994686 -1.392100 0.000000 0.000000 0.000000 1.000000
0.997208 0.050559 0.054962 -0.038100 -0.045709 0.995230 -0.086189 9.490500 -0.059057 0.083436 0.994762 -1.392100 0.000000 0.000000 0.000000 1.000000
0.997446 0.049278 0.051699 -0.038100 -0.044641 0.995181 -0.087305 9.490500 -0.055752 0.084774 0.994839 -1.392100 0.000000 0.000000 0.000000 1.000000
0.997669 0.048024 0.048479 -0.038100 -0.043604 0.995127 -0.088438 9.490500 -0.052490 0.086118 0.994901 -1.392100 0.000000 0.000000 0.000000 1.000000
0.997878 0.046787 0.045285 -0.038100 -0.042590 0.995068 -0.089585 9.490500 -0.049253 0.087466 0.994949 -1.392100 0.000000 0.000000 0.000000 1.000000
0.998024 0.045823 0.042989 -0.038100 -0.041791 0.995027 -0.090418 9.490500 -0.046918 0.088443 0.994976 -1.392100 0.000000 0.000000 0.000000 1.000000
0.998112 0.045152 0.041629 -0.038100 -0.041219 0.995006 -0.090911 9.490500 -0.045525 0.089023 0.994989 -1.392100 0.000000 0.000000 0.000000 1.000000
0.998189 0.044533 0.040450 -0.038100 -0.040689 0.994988 -0.091336 9.490500 -0.044315 0.089525 0.994998 -1.392100 0.000000 0.000000 0.000000 1.000000
0.998249 0.043995 0.039528 -0.038100 -0.040220 0.994977 -0.091669 9.490500 -0.043362 0.089918 0.995005 -1.392100 0.000000 0.000000 0.000000 1.000000
0.998299 0.043515 0.038806 -0.038100 -0.039797 0.994970 -0.091927 9.490500 -0.042611 0.090226 0.995009 -1.392100 0.000000 0.000000 0.000000 1.000000
0.998338 0.043090 0.038264 -0.038100 -0.039414 0.994968 -0.092119 9.490500 -0.042041 0.090458 0.995013 -1.392100 0.000000 0.000000 0.000000 1.000000
0.998369 0.042710 0.037873 -0.038100 -0.039065 0.994969 -0.092255 9.490500 -0.041622 0.090625 0.995015 -1.392100 0.000000 0.000000 0.000000 1.000000
0.998394 0.042366 0.037605 -0.038100 -0.038742 0.994973 -0.092346 9.490500 -0.041329 0.090741 0.995017 -1.392100 0.000000 0.000000 0.000000 1.000000
0.998414 0.042048 0.037435 -0.038100 -0.038440 0.994980 -0.092394 9.490500 -0.041132 0.090809 0.995019 -1.392100 0.000000 0.000000 0.000000 1.000000
0.998430 0.041750 0.037332 -0.038100 -0.038151 0.994989 -0.092423 9.490500 -0.041004 0.090853 0.995020 -1.392100 0.000000 0.000000 0.000000 1.000000
0.998445 0.041464 0.037273 -0.038100 -0.037870 0.994998 -0.092443 9.490500 -0.040920 0.090888 0.995020 -1.392100 0.000000 0.000000 0.000000 1.000000
0.998458 0.041181 0.037222 -0.038100 -0.037592 0.995006 -0.092461 9.490500 -0.040844 0.090919 0.995020 -1.392100 0.000000 0.000000 0.000000 1.000000
0.998473 0.040895 0.037152 -0.038100 -0.037312 0.995015 -0.092482 9.490500 -0.040749 0.090954 0.995021 -1.392100 0.000000 0.000000 0.000000 1.000000
0.998488 0.040596 0.037058 -0.038100 -0.037021 0.995023 -0.092512 9.490500 -0.040629 0.091001 0.995022 -1.392100 0.000000 0.000000 0.000000 1.000000
0.998507 0.040277 0.036889 -0.038100 -0.036716 0.995028 -0.092581 9.490500 -0.040435 0.091089 0.995022 -1.392100 0.000000 0.000000 0.000000 1.000000
0.998531 0.039930 0.036620 -0.038100 -0.036392 0.995032 -0.092664 9.490500 -0.040138 0.091195 0.995024 -1.392100 0.000000 0.000000 0.000000 1.000000
0.998561 0.039548 0.036231 -0.038100 -0.036045 0.995041 -0.092703 9.490500 -0.039718 0.091263 0.995034 -1.392100 0.000000 0.000000 0.000000 1.000000</float_array><technique_common><accessor source="#mixamorig_Spine-Matrix-animation-output-transform-array" count="108" stride="16"><param type="float4x4"/></accessor></technique_common></source><source id="mixamorig_Spine-Interpolations"><Name_array id="mixamorig_Spine-Interpolations-array" count="108">
 LINEAR LINEAR LINEAR LINEAR LINEAR LINEAR LINEAR LINEAR LINEAR LINEAR LINEAR
LINEAR LINEAR LINEAR LINEAR LINEAR LINEAR LINEAR LINEAR LINEAR LINEAR LINEAR LINEAR
LINEAR LINEAR LINEAR LINEAR LINEAR LINEAR LINEAR LINEAR LINEAR LINEAR LINEAR LINEAR
LINEAR LINEAR LINEAR LINEAR LINEAR LINEAR LINEAR LINEAR LINEAR LINEAR LINEAR LINEAR
LINEAR LINEAR LINEAR LINEAR LINEAR LINEAR LINEAR LINEAR LINEAR LINEAR LINEAR LINEAR
LINEAR LINEAR LINEAR LINEAR LINEAR LINEAR LINEAR LINEAR LINEAR LINEAR LINEAR LINEAR
LINEAR LINEAR LINEAR LINEAR LINEAR LINEAR LINEAR LINEAR LINEAR LINEAR LINEAR LINEAR
LINEAR LINEAR LINEAR LINEAR LINEAR LINEAR LINEAR LINEAR LINEAR LINEAR LINEAR LINEAR
LINEAR LINEAR LINEAR LINEAR LINEAR LINEAR LINEAR LINEAR LINEAR LINEAR LINEAR LINEAR
LINEAR</Name_array><technique_common><accessor source="#mixamorig_Spine-Interpolations-array" count="108"><param type="name"/></accessor></technique_common></source><sampler id="mixamorig_Spine-Matrix-animation-transform"><input semantic="INPUT" source="#mixamorig_Spine-Matrix-animation-input"/><input semantic="OUTPUT" source="#mixamorig_Spine-Matrix-animation-output-transform"/><input semantic="INTERPOLATION" source="#mixamorig_Spine-Interpolations"/></sampler><channel source="#mixamorig_Spine-Matrix-animation-transform" target="mixamorig_Spine/matrix"/></animation>
    <animation id="mixamorig_Spine1-anim" name="mixamorig_Spine1"><source id="mixamorig_Spine1-Matrix-animation-input"><float_array id="mixamorig_Spine1-Matrix-animation-input-array" count="108">

0.000000 0.033333 0.066667 0.100000 0.133333 0.166667 0.200000 0.233333 0.266667 0.300000 0.333333 0.366667 0.400000 0.433333 0.466667 0.500000
0.533333 0.566667 0.600000 0.633333 0.666667 0.700000 0.733333 0.766667 0.800000 0.833333 0.866667 0.900000 0.933333 0.966667 1.000000 1.033333
1.066667 1.100000 1.133333 1.166667 1.200000 1.233333 1.266667 1.300000 1.333333 1.366667 1.400000 1.433333 1.466667 1.500000 1.533333 1.566667
1.600000 1.633333 1.666667 1.700000 1.733333 1.766667 1.800000 1.833333 1.866667 1.900000 1.933333 1.966667 2.000000 2.033333 2.066667 2.100000
2.133333 2.166667 2.200000 2.233333 2.266667 2.300000 2.333333 2.366667 2.400000 2.433333 2.466667 2.500000 2.533333 2.566667 2.600000 2.633333
