<?xml version="1.0" encoding="utf-8"?>
<COLLADA xmlns="http://www.collada.org/2005/11/COLLADASchema" version="1.4.1">
  <asset><contributor><author>Mixamo</author><authoring_tool>COLLADA Mixamo exporter</authoring_tool><comments></comments></contributor><created>2018-11-25T17:45:37Z</created><modified>2018-11-25T17:45:37Z</modified><revision></revision><title></title><unit meter="0.010000"/><up_axis>Y_UP</up_axis></asset>
  <library_animations>
    <animation id="mixamorig_Hips-anim" name="mixamorig_Hips"><source id="mixamorig_Hips-Matrix-animation-input"><float_array id="mixamorig_Hips-Matrix-animation-input-array" count="26">

0.000000 0.033333 0.066667 0.100000 0.133333 0.166667 0.200000 0.233333 0.266667 0.300000 0.333333 0.366667 0.400000 0.433333 0.466667 0.500000
0.533333 0.566667 0.600000 0.633333 0.666667 0.700000 0.733333 0.766667 0.800000 0.833333</float_array><technique_common><accessor source="#mixamorig_Hips-Matrix-animation-input-array" count="26"><param name="TIME" type="float"/></accessor></technique_common></source><source id="mixamorig_Hips-Matrix-animation-output-transform"><float_array id="mixamorig_Hips-Matrix-animation-output-transform-array" count="416">

0.980703 0.180602 -0.074867 0.507487 -0.190649 0.968263 -0.161614 92.597656 0.043303 0.172768 0.984010 1.015478 0.000000 0.000000 0.000000 1.000000
0.983355 0.146738 -0.107145 0.495790 -0.165668 0.966279 -0.197125 94.398911 0.074606 0.211594 0.974506 12.460573 0.000000 0.000000 0.000000 1.000000
0.986167 0.096906 -0.134475 0.569735 -0.125612 0.966260 -0.224861 96.593300 0.108148 0.238642 0.965067 23.728352 0.000000 0.000000 0.000000 1.000000
0.989048 0.040834 -0.141833 0.776643 -0.076206 0.964250 -0.253800 98.648026 0.126399 0.261829 0.956801 34.842125 0.000000 0.000000 0.000000 1.000000
0.993027 -0.004636 -0.117799 1.050020 -0.029053 0.958783 -0.282649 100.223969 0.114254 0.284101 0.951963 45.672688 0.000000 0.000000 0.000000 1.000000
0.996886 -0.023470 -0.075283 1.167668 -0.000034 0.954553 -0.298042 101.386948 0.078857 0.297116 0.951580 56.175648 0.000000 0.000000 0.000000 1.000000
0.999352 -0.017470 -0.031459 1.038357 0.007644 0.957357 -0.288807 101.958733 0.035163 0.288380 0.956870 66.276237 0.000000 0.000000 0.000000 1.000000
0.999988 0.002434 0.004326 0.827375 -0.001263 0.967605 -0.252464 101.275070 -0.004801 0.252455 0.967597 76.181587 0.000000 0.000000 0.000000 1.000000
0.999144 0.012688 0.039369 0.813797 -0.004239 0.978192 -0.207660 99.204803 -0.041145 0.207316 0.977408 86.268143 0.000000 0.000000 0.000000 1.000000
0.996598 0.002148 0.082391 1.131839 0.012197 0.984808 -0.173217 96.587830 -0.081511 0.173632 0.981431 96.710304 0.000000 0.000000 0.000000 1.000000
0.990924 -0.029361 0.131181 1.686656 0.050323 0.985921 -0.159463 94.005760 -0.124652 0.164617 0.978449 107.313866 0.000000 0.000000 0.000000 1.000000
0.984101 -0.061261 0.166710 2.275809 0.088754 0.982655 -0.162826 92.260628 -0.153843 0.175033 0.972469 118.098976 0.000000 0.000000 0.000000 1.000000
0.981522 -0.075077 0.176008 2.737958 0.106376 0.978669 -0.175758 91.718063 -0.159058 0.191233 0.968571 129.134430 0.000000 0.000000 0.000000 1.000000
0.985543 -0.060550 0.158233 2.993336 0.090402 0.977830 -0.188880 92.399673 -0.143288 0.200454 0.969168 140.387283 0.000000 0.000000 0.000000 1.000000
0.991827 -0.019806 0.126041 3.009448 0.044469 0.979596 -0.195997 94.919952 -0.119588 0.200000 0.972470 151.713806 0.000000 0.000000 0.000000 1.000000
0.995622 0.033502 0.087257 2.802576 -0.015236 0.979239 -0.202136 98.127258 -0.092217 0.199922 0.975463 162.910461 0.000000 0.000000 0.000000 1.000000
0.995663 0.082990 0.042037 2.492448 -0.072214 0.974347 -0.213151 100.786217 -0.058648 0.209191 0.976114 173.869980 0.000000 0.000000 0.000000 1.000000
0.993630 0.112571 -0.005176 2.235809 -0.110892 0.968581 -0.222605 102.015854 -0.020046 0.221761 0.974895 184.527985 0.000000 0.000000 0.000000 1.000000
0.991888 0.120067 -0.041730 2.124846 -0.126300 0.967985 -0.216916 101.722626 0.014350 0.220427 0.975298 194.875458 0.000000 0.000000 0.000000 1.000000
0.992143 0.111290 -0.057163 2.068419 -0.120197 0.974663 -0.188638 100.332214 0.034721 0.194027 0.980382 205.045380 0.000000 0.000000 0.000000 1.000000
0.992828 0.105614 -0.056019 1.835373 -0.112843 0.982626 -0.147354 98.384094 0.039483 0.152618 0.987496 215.274216 0.000000 0.000000 0.000000 1.000000
0.991683 0.116213 -0.055310 1.282576 -0.121950 0.985835 -0.115141 96.101357 0.041146 0.120929 0.991808 225.693481 0.000000 0.000000 0.000000 1.000000
0.987613 0.142960 -0.064681 0.619187 -0.149175 0.983276 -0.104476 93.992844 0.048663 0.112831 0.992422 236.334595 0.000000 0.000000 0.000000 1.000000
0.982175 0.171072 -0.077891 0.130680 -0.179262 0.977134 -0.114342 92.379868 0.056549 0.126267 0.990383 247.197632 0.000000 0.000000 0.000000 1.000000
0.978984 0.186367 -0.082814 0.056034 -0.196267 0.971309 -0.134303 91.840729 0.055409 0.147735 0.987474 258.391327 0.000000 0.000000 0.000000 1.000000
0.980703 0.180602 -0.074867 0.507492 -0.190649 0.968263 -0.161614 92.597664 0.043303 0.172768 0.984010 269.884888 0.000000 0.000000 0.000000 1.000000</float_array><technique_common><accessor source="#mixamorig_Hips-Matrix-animation-output-transform-array" count="26" stride="16"><param type="float4x4"/></accessor></technique_common></source><source id="mixamorig_Hips-Interpolations"><Name_array id="mixamorig_Hips-Interpolations-array" count="26">
 LINEAR LINEAR LINEAR LINEAR LINEAR LINEAR LINEAR LINEAR LINEAR LINEAR LINEAR
LINEAR LINEAR LINEAR LINEAR LINEAR LINEAR LINEAR LINEAR LINEAR LINEAR LINEAR LINEAR
LINEAR LINEAR LINEAR</Name_array><technique_common><accessor source="#mixamorig_Hips-Interpolations-array" count="26"><param type="name"/></accessor></technique_common></source><sampler id="mixamorig_Hips-Matrix-animation-transform"><input semantic="INPUT" source="#mixamorig_Hips-Matrix-animation-input"/><input semantic="OUTPUT" source="#mixamorig_Hips-Matrix-animation-output-transform"/><input semantic="INTERPOLATION" source="#mixamorig_Hips-Interpolations"/></sampler><channel source="#mixamorig_Hips-Matrix-animation-transform" target="mixamorig_Hips/matrix"/></animation>
    <animation id="mixamorig_Spine-anim" name="mixamorig_Spine"><source id="mixamorig_Spine-Matrix-animation-input"><float_array id="mixamorig_Spine-Matrix-animation-input-array" count="26">

0.000000 0.033333 0.066667 0.100000 0.133333 0.166667 0.200000 0.233333 0.266667 0.300000 0.333333 0.366667 0.400000 0.433333 0.466667 0.500000
0.533333 0.566667 0.600000 0.633333 0.666667 0.700000 0.733333 0.766667 0.800000 0.833333</float_array><technique_common><accessor source="#mixamorig_Spine-Matrix-animation-input-array" count="26"><param name="TIME" type="float"/></accessor></technique_common></source><source id="mixamorig_Spine-Matrix-animation-output-transform"><float_array id="mixamorig_Spine-Matrix-animation-output-transform-array" count="416">

0.989935 -0.127496 0.061434 -0.038100 0.129825 0.990900 -0.035533 9.490500 -0.056344 0.043151 0.997478 -1.392100 0.000000 0.000000 0.000000 1.000000
0.991435 -0.106465 0.075642 -0.038100 0.107874 0.994055 -0.014781 9.490500 -0.073618 0.022814 0.997026 -1.392100 0.000000 0.000000 0.000000 1.000000
0.992501 -0.075945 0.095781 -0.038100 0.076443 0.997073 -0.001533 9.490500 -0.095384 0.008843 0.995401 -1.392100 0.000000 0.000000 0.000000 1.000000
0.992271 -0.042350 0.116638 -0.038100 0.041858 0.999101 0.006670 9.490500 -0.116816 -0.001736 0.993152 -1.392100 0.000000 0.000000 0.000000 1.000000
0.991180 -0.015745 0.131583 -0.038100 0.014349 0.999830 0.011552 9.490500 -0.131743 -0.009562 0.991238 -1.392100 0.000000 0.000000 0.000000 1.000000
0.990498 -0.003483 0.137482 -0.038100 0.001860 0.999927 0.011930 9.490500 -0.137514 -0.011561 0.990432 -1.392100 0.000000 0.000000 0.000000 1.000000
0.990922 -0.001961 0.134426 -0.038100 0.001469 0.999992 0.003759 9.490500 -0.134432 -0.003527 0.990917 -1.392100 0.000000 0.000000 0.000000 1.000000
0.992418 -0.007901 0.122654 -0.038100 0.009672 0.999857 -0.013853 9.490500 -0.122527 0.014934 0.992353 -1.392100 0.000000 0.000000 0.000000 1.000000
0.994431 -0.012624 0.104632 -0.038100 0.016224 0.999303 -0.033622 9.490500 -0.104135 0.035132 0.993943 -1.392100 0.000000 0.000000 0.000000 1.000000
0.996385 -0.012578 0.084011 -0.038100 0.016530 0.998781 -0.046512 9.490500 -0.083323 0.047732 0.995379 -1.392100 0.000000 0.000000 0.000000 1.000000
0.997699 -0.004599 0.067642 -0.038100 0.007764 0.998883 -0.046601 9.490500 -0.067352 0.047019 0.996621 -1.392100 0.000000 0.000000 0.000000 1.000000
0.998066 0.005627 0.061904 -0.038100 -0.003444 0.999370 -0.035320 9.490500 -0.062063 0.035039 0.997457 -1.392100 0.000000 0.000000 0.000000 1.000000
0.997946 0.008831 0.063450 -0.038100 -0.007663 0.999797 -0.018635 9.490500 -0.063602 0.018111 0.997811 -1.392100 0.000000 0.000000 0.000000 1.000000
0.998015 -0.003756 0.062858 -0.038100 0.004080 0.999979 -0.005022 9.490500 -0.062838 0.005268 0.998010 -1.392100 0.000000 0.000000 0.000000 1.000000
0.998027 -0.032734 0.053583 -0.038100 0.032848 0.999460 -0.001244 9.490500 -0.053513 0.003002 0.998563 -1.392100 0.000000 0.000000 0.000000 1.000000
0.996925 -0.067327 0.040087 -0.038100 0.067587 0.997700 -0.005171 9.490500 -0.039647 0.007865 0.999183 -1.392100 0.000000 0.000000 0.000000 1.000000
0.994920 -0.096196 0.029682 -0.038100 0.096575 0.995258 -0.011616 9.490500 -0.028424 0.014423 0.999492 -1.392100 0.000000 0.000000 0.000000 1.000000
0.993295 -0.112767 0.025473 -0.038100 0.113258 0.993389 -0.018727 9.490500 -0.023192 0.021487 0.999500 -1.392100 0.000000 0.000000 0.000000 1.000000
0.992534 -0.119328 0.025257 -0.038100 0.120071 0.992303 -0.030307 9.490500 -0.021446 0.033114 0.999221 -1.392100 0.000000 0.000000 0.000000 1.000000
0.992699 -0.117402 0.027665 -0.038100 0.118660 0.991708 -0.049343 9.490500 -0.021643 0.052265 0.998399 -1.392100 0.000000 0.000000 0.000000 1.000000
0.993089 -0.112068 0.034869 -0.038100 0.114314 0.990905 -0.070990 9.490500 -0.026597 0.074486 0.996867 -1.392100 0.000000 0.000000 0.000000 1.000000
0.993164 -0.106898 0.046886 -0.038100 0.110600 0.990211 -0.085144 9.490500 -0.037325 0.089748 0.995265 -1.392100 0.000000 0.000000 0.000000 1.000000
0.992613 -0.105195 0.060443 -0.038100 0.110177 0.990180 -0.086048 9.490500 -0.050798 0.092071 0.994456 -1.392100 0.000000 0.000000 0.000000 1.000000
0.991535 -0.110950 0.067442 -0.038100 0.115875 0.990493 -0.074132 9.490500 -0.058576 0.081320 0.994965 -1.392100 0.000000 0.000000 0.000000 1.000000
0.990439 -0.120875 0.066486 -0.038100 0.124682 0.990590 -0.056438 9.490500 -0.059038 0.064188 0.996190 -1.392100 0.000000 0.000000 0.000000 1.000000
0.989935 -0.127496 0.061434 -0.038100 0.129826 0.990900 -0.035533 9.490500 -0.056344 0.043151 0.997478 -1.392100 0.000000 0.000000 0.000000 1.000000</float_array><technique_common><accessor source="#mixamorig_Spine-Matrix-animation-output-transform-array" count="26" stride="16"><param type="float4x4"/></accessor></technique_common></source><source id="mixamorig_Spine-Interpolations"><Name_array id="mixamorig_Spine-Interpolations-array" count="26">
 LINEAR LINEAR LINEAR LINEAR LINEAR LINEAR LINEAR LINEAR LINEAR LINEAR LINEAR
LINEAR LINEAR LINEAR LINEAR LINEAR LINEAR LINEAR LINEAR LINEAR LINEAR LINEAR LINEAR
LINEAR LINEAR LINEAR</Name_array><technique_common><accessor source="#mixamorig_Spine-Interpolations-array" count="26"><param type="name"/></accessor></technique_common></source><sampler id="mixamorig_Spine-Matrix-animation-transform"><input semantic="INPUT" source="#mixamorig_Spine-Matrix-animation-input"/><input semantic="OUTPUT" source="#mixamorig_Spine-Matrix-animation-output-transform"/><input semantic="INTERPOLATION" source="#mixamorig_Spine-Interpolations"/></sampler><channel source="#mixamorig_Spine-Matrix-animation-transform" target="mixamorig_Spine/matrix"/></animation>
    <animation id="mixamorig_Spine1-anim" name="mixamorig_Spine1"><source id="mixamorig_Spine1-Matrix-animation-input"><float_array id="mixamorig_Spine1-Matrix-animation-input-array" count="26">

0.000000 0.033333 0.066667 0.100000 0.133333 0.166667 0.200000 0.233333 0.266667 0.300000 0.333333 0.366667 0.400000 0.433333 0.466667 0.500000
0.533333 0.566667 0.600000 0.633333 0.666667 0.700000 0.733333 0.766667 0.800000 0.833333</float_array><technique_common><accessor source="#mixamorig_Spine1-Matrix-animation-input-array" count="26"><param name="TIME" type="float"/></accessor></technique_common></source><source id="mixamorig_Spine1-Matrix-animation-output-transform"><float_array id="mixamorig_Spine1-Matrix-animation-output-transform-array" count="416">

0.999644 -0.024710 -0.010071 -0.044200 0.023015 0.989425 -0.143207 11.072300 0.013503 0.142924 0.989642 -1.624100 0.000000 0.000000 0.000000 1.000000
0.999796 0.004734 0.019623 -0.044200 -0.002402 0.993103 -0.117224 11.072300 -0.020043 0.117153 0.992912 -1.624100 0.000000 0.000000 0.000000 1.000000
0.997454 0.040080 0.058978 -0.044200 -0.034274 0.994756 -0.096367 11.072300 -0.062531 0.094100 0.993597 -1.624100 0.000000 0.000000 0.000000 1.000000
0.992315 0.075817 0.097792 -0.044200 -0.068267 0.994585 -0.078362 11.072300 -0.103203 0.071084 0.992117 -1.624100 0.000000 0.000000 0.000000 1.000000
0.986701 0.103519 0.125321 -0.044200 -0.096170 0.993347 -0.063350 11.072300 -0.131045 0.050456 0.990092 -1.624100 0.000000 0.000000 0.000000 1.000000
0.983541 0.116112 0.138438 -0.044200 -0.109350 0.992452 -0.055512 11.072300 -0.143838 0.039460 0.988814 -1.624100 0.000000 0.000000 0.000000 1.000000
0.984028 0.111413 0.138839 -0.044200 -0.104001 0.992792 -0.059569 11.072300 -0.144475 0.044179 0.988522 -1.624100 0.000000 0.000000 0.000000 1.000000
0.987303 0.094239 0.127874 -0.044200 -0.084808 0.993394 -0.077308 11.072300 -0.134314 0.065482 0.988773 -1.624100 0.000000 0.000000 0.000000 1.000000
0.991169 0.079365 0.106233 -0.044200 -0.068664 0.992529 -0.100851 11.072300 -0.113444 0.092666 0.989214 -1.624100 0.000000 0.000000 0.000000 1.000000
0.994215 0.076249 0.075647 -0.044200 -0.066755 0.990413 -0.120939 11.072300 -0.084143 0.115190 0.989773 -1.624100 0.000000 0.000000 0.000000 1.000000
0.995387 0.085560 0.043414 -0.044200 -0.079217 0.988181 -0.131239 11.072300 -0.054130 0.127194 0.990400 -1.624100 0.000000 0.000000 0.000000 1.000000
0.995257 0.095204 0.020000 -0.044200 -0.091777 0.987059 -0.131498 11.072300 -0.032260 0.129039 0.991115 -1.624100 0.000000 0.000000 0.000000 1.000000
0.995619 0.093308 0.005971 -0.044200 -0.091843 0.987956 -0.124527 11.072300 -0.017518 0.123433 0.992198 -1.624100 0.000000 0.000000 0.000000 1.000000
0.997343 0.072521 -0.006975 -0.044200 -0.072840 0.990570 -0.116040 11.072300 -0.001506 0.116239 0.993220 -1.624100 0.000000 0.000000 0.000000 1.000000
0.998952 0.036357 -0.027794 -0.044200 -0.039284 0.992785 -0.113287 11.072300 0.023474 0.114261 0.993173 -1.624100 0.000000 0.000000 0.000000 1.000000
0.998521 -0.003982 -0.054223 -0.044200 -0.002318 0.993290 -0.115623 11.072300 0.054320 0.115578 0.991812 -1.624100 0.000000 0.000000 0.000000 1.000000
0.996227 -0.037398 -0.078318 -0.044200 0.027994 0.992629 -0.117914 11.072300 0.082151 0.115277 0.989931 -1.624100 0.000000 0.000000 0.000000 1.000000
0.994082 -0.055460 -0.093404 -0.044200 0.044156 0.991910 -0.119019 11.072300 0.099249 0.114190 0.988489 -1.624100 0.000000 0.000000 0.000000 1.000000
0.993349 -0.056968 -0.100064 -0.044200 0.044256 0.991175 -0.124952 11.072300 0.106299 0.119692 0.987104 -1.624100 0.000000 0.000000 0.000000 1.000000
0.994012 -0.044956 -0.099593 -0.044200 0.030669 0.989592 -0.140594 11.072300 0.104877 0.136698 0.985045 -1.624100 0.000000 0.000000 0.000000 1.000000
0.995477 -0.030783 -0.089879 -0.044200 0.015871 0.986642 -0.162127 11.072300 0.093669 0.159967 0.982668 -1.624100 0.000000 0.000000 0.000000 1.000000
0.997258 -0.024903 -0.069686 -0.044200 0.012074 0.983812 -0.178795 11.072300 0.073010 0.177463 0.981415 -1.624100 0.000000 0.000000 0.000000 1.000000
0.998657 -0.028456 -0.043290 -0.044200 0.020023 0.982712 -0.184057 11.072300 0.047779 0.182944 0.981962 -1.624100 0.000000 0.000000 0.000000 1.000000
0.999183 -0.033504 -0.022607 -0.044200 0.028959 0.983638 -0.177811 11.072300 0.028195 0.177011 0.983805 -1.624100 0.000000 0.000000 0.000000 1.000000
0.999372 -0.033132 -0.012578 -0.044200 0.030612 0.985871 -0.164684 11.072300 0.017857 0.164196 0.986266 -1.624100 0.000000 0.000000 0.000000 1.000000
0.999644 -0.024710 -0.010071 -0.044200 0.023015 0.989425 -0.143207 11.072300 0.013503 0.142924 0.989642 -1.624100 0.000000 0.000000 0.000000 1.000000</float_array><technique_common><accessor source="#mixamorig_Spine1-Matrix-animation-output-transform-array" count="26" stride="16"><param type="float4x4"/></accessor></technique_common></source><source id="mixamorig_Spine1-Interpolations"><Name_array id="mixamorig_Spine1-Interpolations-array" count="26">
 LINEAR LINEAR LINEAR LINEAR LINEAR LINEAR LINEAR LINEAR LINEAR LINEAR LINEAR
LINEAR LINEAR LINEAR LINEAR LINEAR LINEAR LINEAR LINEAR LINEAR LINEAR LINEAR LINEAR
LINEAR LINEAR LINEAR</Name_array><technique_common><accessor source="#mixamorig_Spine1-Interpolations-array" count="26"><param type="name"/></accessor></technique_common></source><sampler id="mixamorig_Spine1-Matrix-animation-transform"><input semantic="INPUT" source="#mixamorig_Spine1-Matrix-animation-input"/><input semantic="OUTPUT" source="#mixamorig_Spine1-Matrix-animation-output-transform"/><input semantic="INTERPOLATION" source="#mixamorig_Spine1-Interpolations"/></sampler><channel source="#mixamorig_Spine1-Matrix-animation-transform" target="mixamorig_Spine1/matrix"/></animation>
    <animation id="mixamorig_Spine2-anim" name="mixamorig_Spine2"><source id="mixamorig_Spine2-Matrix-animation-input"><float_array id="mixamorig_Spine2-Matrix-animation-input-array" count="26">

0.000000 0.033333 0.066667 0.100000 0.133333 0.166667 0.200000 0.233333 0.266667 0.300000 0.333333 0.366667 0.400000 0.433333 0.466667 0.500000
0.533333 0.566667 0.600000 0.633333 0.666667 0.700000 0.733333 0.766667 0.800000 0.833333</float_array><technique_common><accessor source="#mixamorig_Spine2-Matrix-animation-input-array" count="26"><param name="TIME" type="float"/></accessor></technique_common></source><source id="mixamorig_Spine2-Matrix-animation-output-transform"><float_array id="mixamorig_Spine2-Matrix-animation-output-transform-array" count="416">

0.994735 -0.101675 -0.012828 -0.050500 0.100097 0.990797 -0.091114 12.654000 0.021973 0.089350 0.995758 -1.856100 0.000000 0.000000 0.000000 1.000000
0.997016 -0.075128 0.017736 -0.050500 0.076111 0.995081 -0.063412 12.654000 -0.012884 0.064573 0.997830 -1.856100 0.000000 0.000000 0.000000 1.000000
0.997389 -0.042814 0.058163 -0.050500 0.045243 0.998130 -0.041104 12.654000 -0.056295 0.043628 0.997461 -1.856100 0.000000 0.000000 0.000000 1.000000
0.995126 -0.009434 0.098155 -0.050500 0.011652 0.999689 -0.022045 12.654000 -0.097917 0.023081 0.994927 -1.856100 0.000000 0.000000 0.000000 1.000000
0.991777 0.017057 0.126836 -0.050500 -0.016352 0.999845 -0.006593 12.654000 -0.126929 0.004465 0.991902 -1.856100 0.000000 0.000000 0.000000 1.000000
0.989611 0.029160 0.140779 -0.050500 -0.029647 0.999560 0.001361 12.654000 -0.140678 -0.005520 0.990040 -1.856100 0.000000 0.000000 0.000000 1.000000
0.989643 0.024131 0.141508 -0.050500 -0.024024 0.999708 -0.002458 12.654000 -0.141526 -0.000967 0.989934 -1.856100 0.000000 0.000000 0.000000 1.000000
0.991416 0.006687 0.130572 -0.050500 -0.004132 0.999795 -0.019828 12.654000 -0.130678 0.019118 0.991241 -1.856100 0.000000 0.000000 0.000000 1.000000
0.993985 -0.007647 0.109250 -0.050500 0.012473 0.998973 -0.043562 12.654000 -0.108805 0.044662 0.993059 -1.856100 0.000000 0.000000 0.000000 1.000000
0.996799 -0.008839 0.079453 -0.050500 0.013991 0.997818 -0.064519 12.654000 -0.078709 0.065425 0.994748 -1.856100 0.000000 0.000000 0.000000 1.000000
0.998835 0.003198 0.048147 -0.050500 0.000461 0.997122 -0.075807 12.654000 -0.048250 0.075740 0.995959 -1.856100 0.000000 0.000000 0.000000 1.000000
0.999579 0.014962 0.024866 -0.050500 -0.013014 0.996967 -0.076728 12.654000 -0.025938 0.076373 0.996742 -1.856100 0.000000 0.000000 0.000000 1.000000
0.999849 0.014343 0.009828 -0.050500 -0.013619 0.997442 -0.070175 12.654000 -0.010810 0.070030 0.997486 -1.856100 0.000000 0.000000 0.000000 1.000000
0.999974 -0.005385 -0.004767 -0.050500 0.005078 0.998044 -0.062314 12.654000 0.005093 0.062288 0.998045 -1.856100 0.000000 0.000000 0.000000 1.000000
0.998828 -0.040010 -0.027230 -0.050500 0.038291 0.997405 -0.060972 12.654000 0.029599 0.059858 0.997768 -1.856100 0.000000 0.000000 0.000000 1.000000
0.995390 -0.078274 -0.055431 -0.050500 0.074608 0.995068 -0.065364 12.654000 0.060274 0.060927 0.996321 -1.856100 0.000000 0.000000 0.000000 1.000000
0.990635 -0.109596 -0.081429 -0.050500 0.104033 0.992129 -0.069693 12.654000 0.088427 0.060569 0.994239 -1.856100 0.000000 0.000000 0.000000 1.000000
0.987171 -0.126144 -0.097881 -0.050500 0.119385 0.990226 -0.072109 12.654000 0.106021 0.059498 0.992582 -1.856100 0.000000 0.000000 0.000000 1.000000
0.986399 -0.126558 -0.104878 -0.050500 0.118668 0.989837 -0.078361 12.654000 0.113730 0.064850 0.991393 -1.856100 0.000000 0.000000 0.000000 1.000000
0.988099 -0.113620 -0.103691 -0.050500 0.104064 0.990181 -0.093345 12.654000 0.113278 0.081443 0.990220 -1.856100 0.000000 0.000000 0.000000 1.000000
0.990728 -0.099214 -0.092816 -0.050500 0.088436 0.989560 -0.113797 12.654000 0.103137 0.104534 0.989159 -1.856100 0.000000 0.000000 0.000000 1.000000
0.992909 -0.094644 -0.071935 -0.050500 0.084796 0.987957 -0.129423 12.654000 0.083317 0.122405 0.988977 -1.856100 0.000000 0.000000 0.000000 1.000000
0.993846 -0.100886 -0.045744 -0.050500 0.093993 0.986556 -0.133690 12.654000 0.058616 0.128568 0.989967 -1.856100 0.000000 0.000000 0.000000 1.000000
0.993781 -0.108384 -0.025557 -0.050500 0.104327 0.986449 -0.126626 12.654000 0.038935 0.123172 0.991621 -1.856100 0.000000 0.000000 0.000000 1.000000
0.993874 -0.109409 -0.015657 -0.050500 0.106964 0.987826 -0.112954 12.654000 0.027824 0.110587 0.993477 -1.856100 0.000000 0.000000 0.000000 1.000000
0.994735 -0.101675 -0.012828 -0.050500 0.100097 0.990797 -0.091114 12.654000 0.021973 0.089350 0.995758 -1.856100 0.000000 0.000000 0.000000 1.000000</float_array><technique_common><accessor source="#mixamorig_Spine2-Matrix-animation-output-transform-array" count="26" stride="16"><param type="float4x4"/></accessor></technique_common></source><source id="mixamorig_Spine2-Interpolations"><Name_array id="mixamorig_Spine2-Interpolations-array" count="26">
 LINEAR LINEAR LINEAR LINEAR LINEAR LINEAR LINEAR LINEAR LINEAR LINEAR LINEAR
LINEAR LINEAR LINEAR LINEAR LINEAR LINEAR LINEAR LINEAR LINEAR LINEAR LINEAR LINEAR
LINEAR LINEAR LINEAR</Name_array><technique_common><accessor source="#mixamorig_Spine2-Interpolations-array" count="26"><param type="name"/></accessor></technique_common></source><sampler id="mixamorig_Spine2-Matrix-animation-transform"><input semantic="INPUT" source="#mixamorig_Spine2-Matrix-animation-input"/><input semantic="OUTPUT" source="#mixamorig_Spine2-Matrix-animation-output-transform"/><input semantic="INTERPOLATION" source="#mixamorig_Spine2-Interpolations"/></sampler><channel source="#mixamorig_Spine2-Matrix-animation-transform" target="mixamorig_Spine2/matrix"/></animation>
    <animation id="mixamorig_Neck-anim" name="mixamorig_Neck"><source id="mixamorig_Neck-Matrix-animation-input"><float_array id="mixamorig_Neck-Matrix-animation-input-array" count="26">

0.000000 0.033333 0.066667 0.100000 0.133333 0.166667 0.200000 0.233333 0.266667 0.300000 0.333333 0.366667 0.400000 0.433333 0.466667 0.500000
0.533333 0.566667 0.600000 0.633333 0.666667 0.700000 0.733333 0.766667 0.800000 0.833333</float_array><technique_common><accessor source="#mixamorig_Neck-Matrix-animation-input-array" count="26"><param name="TIME" type="float"/></accessor></technique_common></source><source id="mixamorig_Neck-Matrix-animation-output-transform"><float_array id="mixamorig_Neck-Matrix-animation-output-transform-array" count="416">

0.997365 0.068509 0.023869 -0.056900 -0.071694 0.981079 0.179845 14.235800 -0.011097 -0.181082 0.983405 -2.088100 0.000000 0.000000 0.000000 1.000000
0.998377 0.056442 0.007559 -0.056900 -0.056916 0.993328 0.100302 14.235800 -0.001847 -0.100569 0.994928 -2.088100 0.000000 0.000000 0.000000 1.000000
0.999050 0.042306 -0.010493 -0.056900 -0.041778 0.998054 0.046292 14.235800 0.012431 -0.045810 0.998873 -2.088100 0.000000 0.000000 0.000000 1.000000
0.999263 0.025898 -0.028323 -0.056900 -0.025201 0.999378 0.024665 14.235800 0.028945 -0.023933 0.999294 -2.088100 0.000000 0.000000 0.000000 1.000000
0.998904 0.017604 -0.043359 -0.056900 -0.016811 0.999686 0.018596 14.235800 0.043672 -0.017847 0.998886 -2.088100 0.000000 0.000000 0.000000 1.000000
0.998375 0.020139 -0.053302 -0.056900 -0.019829 0.999783 0.006346 14.235800 0.053418 -0.005279 0.998558 -2.088100 0.000000 0.000000 0.000000 1.000000
0.998089 0.027404 -0.055376 -0.056900 -0.026500 0.999504 0.016987 14.235800 0.055814 -0.015487 0.998321 -2.088100 0.000000 0.000000 0.000000 1.000000
0.998151 0.035292 -0.049488 -0.056900 -0.029772 0.993689 0.108148 14.235800 0.052992 -0.106475 0.992902 -2.088100 0.000000 0.000000 0.000000 1.000000
0.998479 0.035908 -0.041827 -0.056900 -0.030512 0.991915 0.123183 14.235800 0.045912 -0.121719 0.991502 -2.088100 0.000000 0.000000 0.000000 1.000000
0.999085 0.016869 -0.039310 -0.056900 -0.012068 0.992782 0.119322 14.235800 0.041040 -0.118739 0.992077 -2.088100 0.000000 0.000000 0.000000 1.000000
0.999135 -0.012070 -0.039792 -0.056900 0.016502 0.993458 0.113002 14.235800 0.038168 -0.113561 0.992798 -2.088100 0.000000 0.000000 0.000000 1.000000
0.999022 -0.025235 -0.036321 -0.056900 0.028300 0.995850 0.086503 14.235800 0.033987 -0.087446 0.995589 -2.088100 0.000000 0.000000 0.000000 1.000000
0.999336 -0.018645 -0.031300 -0.056900 0.019719 0.999215 0.034361 14.235800 0.030635 -0.034955 0.998919 -2.088100 0.000000 0.000000 0.000000 1.000000
0.999721 0.008311 -0.022108 -0.056900 -0.008518 0.999921 -0.009273 14.235800 0.022029 0.009459 0.999713 -2.088100 0.000000 0.000000 0.000000 1.000000
0.999262 0.037166 -0.009654 -0.056900 -0.037553 0.998342 -0.043633 14.235800 0.008016 0.043964 0.999001 -2.088100 0.000000 0.000000 0.000000 1.000000
0.999037 0.043856 -0.001046 -0.056900 -0.043843 0.997367 -0.057760 14.235800 -0.001490 0.057750 0.998330 -2.088100 0.000000 0.000000 0.000000 1.000000
0.999650 0.025275 0.007844 -0.056900 -0.024717 0.997608 -0.064557 14.235800 -0.009457 0.064341 0.997883 -2.088100 0.000000 0.000000 0.000000 1.000000
0.999545 0.023077 0.019399 -0.056900 -0.022150 0.998663 -0.046718 14.235800 -0.020451 0.046267 0.998720 -2.088100 0.000000 0.000000 0.000000 1.000000
0.998399 0.043324 0.036377 -0.056900 -0.043862 0.998938 0.014108 14.235800 -0.035727 -0.015681 0.999239 -2.088100 0.000000 0.000000 0.000000 1.000000
0.997167 0.057138 0.048930 -0.056900 -0.061571 0.993621 0.094478 14.235800 -0.043219 -0.097223 0.994324 -2.088100 0.000000 0.000000 0.000000 1.000000
0.997188 0.057107 0.048537 -0.056900 -0.064263 0.984753 0.161652 14.235800 -0.038566 -0.164317 0.985653 -2.088100 0.000000 0.000000 0.000000 1.000000
0.997636 0.053746 0.042824 -0.056900 -0.061615 0.975525 0.211080 14.235800 -0.030432 -0.213220 0.976530 -2.088100 0.000000 0.000000 0.000000 1.000000
0.997745 0.054230 0.039559 -0.056900 -0.062177 0.968728 0.240210 14.235800 -0.025295 -0.242128 0.969915 -2.088100 0.000000 0.000000 0.000000 1.000000
0.997444 0.062683 0.034290 -0.056900 -0.069305 0.965488 0.251058 14.235800 -0.017369 -0.252793 0.967364 -2.088100 0.000000 0.000000 0.000000 1.000000
0.997086 0.070027 0.030252 -0.056900 -0.075194 0.969011 0.235296 14.235800 -0.012838 -0.236886 0.971453 -2.088100 0.000000 0.000000 0.000000 1.000000
0.997365 0.068509 0.023869 -0.056900 -0.071694 0.981079 0.179846 14.235800 -0.011097 -0.181083 0.983405 -2.088100 0.000000 0.000000 0.000000 1.000000</float_array><technique_common><accessor source="#mixamorig_Neck-Matrix-animation-output-transform-array" count="26" stride="16"><param type="float4x4"/></accessor></technique_common></source><source id="mixamorig_Neck-Interpolations"><Name_array id="mixamorig_Neck-Interpolations-array" count="26">
 LINEAR LINEAR LINEAR LINEAR LINEAR LINEAR LINEAR LINEAR LINEAR LINEAR LINEAR
LINEAR LINEAR LINEAR LINEAR LINEAR LINEAR LINEAR LINEAR LINEAR LINEAR LINEAR LINEAR
LINEAR LINEAR LINEAR</Name_array><technique_common><accessor source="#mixamorig_Neck-Interpolations-array" count="26"><param type="name"/></accessor></technique_common></source><sampler id="mixamorig_Neck-Matrix-animation-transform"><input semantic="INPUT" source="#mixamorig_Neck-Matrix-animation-input"/><input semantic="OUTPUT" source="#mixamorig_Neck-Matrix-animation-output-transform"/><input semantic="INTERPOLATION" source="#mixamorig_Neck-Interpolations"/></sampler><channel source="#mixamorig_Neck-Matrix-animation-transform" target="mixamorig_Neck/matrix"/></animation>
    <animation id="mixamorig_Head-anim" name="mixamorig_Head"><source id="mixamorig_Head-Matrix-animation-input"><float_array id="mixamorig_Head-Matrix-animation-input-array" count="26">

0.000000 0.033333 0.066667 0.100000 0.133333 0.166667 0.200000 0.233333 0.266667 0.300000 0.333333 0.366667 0.400000 0.433333 0.466667 0.500000
0.533333 0.566667 0.600000 0.633333 0.666667 0.700000 0.733333 0.766667 0.800000 0.833333</float_array><technique_common><accessor source="#mixamorig_Head-Matrix-animation-input-array" count="26"><param name="TIME" type="float"/></accessor></technique_common></source><source id="mixamorig_Head-Matrix-animation-output-transform"><float_array id="mixamorig_Head-Matrix-animation-output-transform-array" count="416">

0.997838 -0.031672 0.057589 0.000000 0.009211 0.934967 0.354614 3.280200 -0.065075 -0.353317 0.933238 0.313300 0.000000 0.000000 0.000000 1.000000
0.999440 -0.029403 0.015961 -0.000000 0.020241 0.911285 0.411279 3.280200 -0.026637 -0.410726 0.911370 0.313300 0.000000 0.000000 0.000000 1.000000
0.998193 -0.029927 -0.052098 -0.000000 0.049590 0.899944 0.433176 3.280200 0.033922 -0.434977 0.899802 0.313300 0.000000 0.000000 0.000000 1.000000
0.990663 -0.026201 -0.133789 0.000000 0.080877 0.902967 0.422031 3.280200 0.109749 -0.428911 0.896655 0.313300 0.000000 0.000000 0.000000 1.000000
0.976815 -0.016429 -0.213454 0.000000 0.103134 0.909840 0.401938 3.280200 0.187606 -0.414633 0.890440 0.313300 0.000000 0.000000 0.000000 1.000000
0.962595 -0.002035 -0.270935 0.000000 0.115297 0.907991 0.402814 3.280200 0.245187 -0.418985 0.874263 0.313300 0.000000 0.000000 0.000000 1.000000
0.955052 0.017933 -0.295897 0.000000 0.108655 0.907525 0.405699 3.280200 0.275809 -0.419614 0.864785 0.313300 0.000000 0.000000 0.000000 1.000000
0.958175 0.034795 -0.284059 0.000000 0.071352 0.932189 0.354870 3.280200 0.277144 -0.360296 0.890718 0.313300 0.000000 0.000000 0.000000 1.000000
0.966678 0.038135 -0.253140 0.000000 0.060027 0.927507 0.368954 3.280200 0.248860 -0.371855 0.894311 0.313300 0.000000 0.000000 0.000000 1.000000
0.976806 0.042454 -0.209876 -0.000000 0.043784 0.919839 0.389846 3.280200 0.209602 -0.389993 0.896645 0.313300 0.000000 0.000000 0.000000 1.000000
0.983293 0.049355 -0.175213 0.000000 0.024278 0.918385 0.394943 3.280200 0.180406 -0.392598 0.901843 0.313300 0.000000 0.000000 0.000000 1.000000
0.985583 0.050735 -0.161406 0.000000 0.018256 0.916522 0.399566 3.280200 0.168205 -0.396752 0.902383 0.313300 0.000000 0.000000 0.000000 1.000000
0.987204 0.046505 -0.152528 0.000000 0.022309 0.906840 0.420884 3.280200 0.157892 -0.418901 0.894199 0.313300 0.000000 0.000000 0.000000 1.000000
0.991132 0.043060 -0.125710 0.000000 0.016798 0.897850 0.439980 3.280200 0.131814 -0.438190 0.889165 0.313300 0.000000 0.000000 0.000000 1.000000
0.996709 0.051901 -0.062263 0.000000 -0.016781 0.883612 0.467919 3.280200 0.079302 -0.465335 0.881575 0.313300 0.000000 0.000000 0.000000 1.000000
0.996549 0.073604 0.038378 0.000000 -0.082961 0.867447 0.490565 3.280200 0.002817 -0.492056 0.870559 0.313300 0.000000 0.000000 0.000000 1.000000
0.984529 0.095806 0.146708 0.000000 -0.157796 0.848782 0.504648 3.280200 -0.076175 -0.519991 0.850768 0.313300 0.000000 0.000000 0.000000 1.000000
0.973261 0.084320 0.213667 0.000000 -0.182523 0.848627 0.496505 3.280200 -0.139458 -0.522228 0.841326 0.313300 0.000000 0.000000 0.000000 1.000000
0.972667 0.047355 0.227323 0.000000 -0.150599 0.873813 0.462354 3.280200 -0.176743 -0.483951 0.857061 0.313300 0.000000 0.000000 0.000000 1.000000
0.977819 0.011758 0.209122 0.000000 -0.100421 0.902507 0.418804 3.280200 -0.183810 -0.430515 0.883669 0.313300 0.000000 0.000000 0.000000 1.000000
0.984439 -0.010438 0.175418 0.000000 -0.059167 0.920264 0.386798 3.280200 -0.165469 -0.391158 0.905326 0.313300 0.000000 0.000000 0.000000 1.000000
0.990665 -0.022164 0.134509 0.000000 -0.028660 0.930781 0.364453 3.280200 -0.133276 -0.364906 0.921456 0.313300 0.000000 0.000000 0.000000 1.000000
0.995095 -0.027064 0.095146 0.000000 -0.008074 0.936415 0.350801 3.280200 -0.098591 -0.349848 0.931604 0.313300 0.000000 0.000000 0.000000 1.000000
0.996768 -0.035018 0.072298 0.000000 0.008184 0.939569 0.342262 3.280200 -0.079914 -0.340565 0.936819 0.313300 0.000000 0.000000 0.000000 1.000000
0.997391 -0.038978 0.060764 0.000000 0.015772 0.939033 0.343466 3.280200 -0.070447 -0.341611 0.937197 0.313300 0.000000 0.000000 0.000000 1.000000
0.997838 -0.031672 0.057589 0.000000 0.009211 0.934967 0.354614 3.280200 -0.065075 -0.353317 0.933238 0.313300 0.000000 0.000000 0.000000 1.000000</float_array><technique_common><accessor source="#mixamorig_Head-Matrix-animation-output-transform-array" count="26" stride="16"><param type="float4x4"/></accessor></technique_common></source><source id="mixamorig_Head-Interpolations"><Name_array id="mixamorig_Head-Interpolations-array" count="26">
 LINEAR LINEAR LINEAR LINEAR LINEAR LINEAR LINEAR LINEAR LINEAR LINEAR LINEAR
LINEAR LINEAR LINEAR LINEAR LINEAR LINEAR LINEAR LINEAR LINEAR LINEAR LINEAR LINEAR
LINEAR LINEAR LINEAR</Name_array><technique_common><accessor source="#mixamorig_Head-Interpolations-array" count="26"><param type="name"/></accessor></technique_common></source><sampler id="mixamorig_Head-Matrix-animation-transform"><input semantic="INPUT" source="#mixamorig_Head-Matrix-animation-input"/><input semantic="OUTPUT" source="#mixamorig_Head-Matrix-animation-output-transform"/><input semantic="INTERPOLATION" source="#mixamorig_Head-Interpolations"/></sampler><channel source="#mixamorig_Head-Matrix-animation-transform" target="mixamorig_Head/matrix"/></animation>
    <animation id="mixamorig_LeftShoulder-anim" name="mixamorig_LeftShoulder"><source id="mixamorig_LeftShoulder-Matrix-animation-input"><float_array id="mixamorig_LeftShoulder-Matrix-animation-input-array" count="26">

0.000000 0.033333 0.066667 0.100000 0.133333 0.166667 0.200000 0.233333 0.266667 0.300000 0.333333 0.366667 0.400000 0.433333 0.466667 0.500000
0.533333 0.566667 0.600000 0.633333 0.666667 0.700000 0.733333 0.766667 0.800000 0.833333</float_array><technique_common><accessor source="#mixamorig_LeftShoulder-Matrix-animation-input-array" count="26"><param name="TIME" type="float"/></accessor></technique_common></source><source id="mixamorig_LeftShoulder-Matrix-animation-output-transform"><float_array id="mixamorig_LeftShoulder-Matrix-animation-output-transform-array" count="416">

0.958396 0.228387 -0.171222 6.728800 -0.226424 0.973530 0.031171 11.756600 0.173809 0.008895 0.984739 -2.058500 0.000000 0.000000 0.000000 1.000000
0.975867 0.183001 -0.119143 6.728800 -0.180263 0.983049 0.033458 11.756600 0.123246 -0.011173 0.992313 -2.058500 0.000000 0.000000 0.000000 1.000000
0.985776 0.141758 -0.090279 6.728800 -0.139209 0.989681 0.033955 11.756600 0.094161 -0.020904 0.995338 -2.058500 0.000000 0.000000 0.000000 1.000000
0.988685 0.119992 -0.090023 6.728800 -0.117308 0.992494 0.034554 11.756600 0.093494 -0.023602 0.995340 -2.058500 0.000000 0.000000 0.000000 1.000000
0.986560 0.125858 -0.104209 6.728800 -0.122951 0.991834 0.033893 11.756600 0.107623 -0.020625 0.993978 -2.058500 0.000000 0.000000 0.000000 1.000000
0.984609 0.142201 -0.101608 6.728800 -0.139557 0.989674 0.032709 11.756600 0.105211 -0.018026 0.994287 -2.058500 0.000000 0.000000 0.000000 1.000000
0.982990 0.157823 -0.093928 6.728800 -0.155519 0.987333 0.031414 11.756600 0.097696 -0.016272 0.995083 -2.058500 0.000000 0.000000 0.000000 1.000000
0.981585 0.155959 -0.110310 6.728800 -0.153402 0.987666 0.031356 11.756600 0.113840 -0.013857 0.993402 -2.058500 0.000000 0.000000 0.000000 1.000000
0.975010 0.191689 -0.112297 6.728800 -0.189542 0.981427 0.029593 11.756600 0.115884 -0.007569 0.993234 -2.058500 0.000000 0.000000 0.000000 1.000000
0.963804 0.238399 -0.119363 6.728800 -0.236778 0.971166 0.027791 11.756600 0.122546 0.001478 0.992462 -2.058500 0.000000 0.000000 0.000000 1.000000
0.952232 0.279238 -0.123616 6.728800 -0.278158 0.960176 0.026269 11.756600 0.126028 0.009371 0.991982 -2.058500 0.000000 0.000000 0.000000 1.000000
0.928114 0.333825 -0.164821 6.728800 -0.333792 0.942209 0.028732 11.756600 0.164887 0.028350 0.985905 -2.058500 0.000000 0.000000 0.000000 1.000000
0.902173 0.375156 -0.212935 6.728800 -0.376743 0.925669 0.034671 11.756600 0.210114 0.048943 0.976451 -2.058500 0.000000 0.000000 0.000000 1.000000
0.858961 0.429206 -0.279227 6.728800 -0.434162 0.899597 0.047214 11.756600 0.271457 0.080675 0.959064 -2.058500 0.000000 0.000000 0.000000 1.000000
0.846297 0.433602 -0.309469 6.728800 -0.439903 0.896476 0.053076 11.756600 0.300445 0.091218 0.949427 -2.058500 0.000000 0.000000 0.000000 1.000000
0.867220 0.399733 -0.296889 6.728800 -0.404472 0.913281 0.048175 11.756600 0.290400 0.078305 0.953696 -2.058500 0.000000 0.000000 0.000000 1.000000
0.884963 0.362740 -0.291992 6.728800 -0.366220 0.929453 0.044722 11.756600 0.287616 0.067356 0.955374 -2.058500 0.000000 0.000000 0.000000 1.000000
0.907979 0.327119 -0.261853 6.728800 -0.328903 0.943587 0.038294 11.756600 0.259608 0.051354 0.964348 -2.058500 0.000000 0.000000 0.000000 1.000000
0.917349 0.312680 -0.246377 6.728800 -0.313870 0.948803 0.035484 11.756600 0.244858 0.044779 0.968524 -2.058500 0.000000 0.000000 0.000000 1.000000
0.909997 0.331397 -0.249163 6.728800 -0.333138 0.942174 0.036440 11.756600 0.246831 0.049846 0.967776 -2.058500 0.000000 0.000000 0.000000 1.000000
0.900405 0.345973 -0.263768 6.728800 -0.348418 0.936526 0.039034 11.756600 0.260530 0.056755 0.963796 -2.058500 0.000000 0.000000 0.000000 1.000000
0.905752 0.323871 -0.273351 6.728800 -0.326011 0.944565 0.038899 11.756600 0.270796 0.053883 0.961128 -2.058500 0.000000 0.000000 0.000000 1.000000
0.916689 0.288444 -0.276554 6.728800 -0.289813 0.956374 0.036852 11.756600 0.275119 0.046367 0.960291 -2.058500 0.000000 0.000000 0.000000 1.000000
0.929203 0.271267 -0.250991 6.728800 -0.271968 0.961754 0.032586 11.756600 0.250231 0.037983 0.967441 -2.058500 0.000000 0.000000 0.000000 1.000000
0.936211 0.281242 -0.210743 6.728800 -0.281815 0.959062 0.027949 11.756600 0.209976 0.033225 0.977142 -2.058500 0.000000 0.000000 0.000000 1.000000
0.958396 0.228387 -0.171222 6.728800 -0.226424 0.973530 0.031171 11.756600 0.173809 0.008895 0.984739 -2.058500 0.000000 0.000000 0.000000 1.000000</float_array><technique_common><accessor source="#mixamorig_LeftShoulder-Matrix-animation-output-transform-array" count="26" stride="16"><param type="float4x4"/></accessor></technique_common></source><source id="mixamorig_LeftShoulder-Interpolations"><Name_array id="mixamorig_LeftShoulder-Interpolations-array" count="26">
 LINEAR LINEAR LINEAR LINEAR LINEAR LINEAR LINEAR LINEAR LINEAR LINEAR LINEAR
LINEAR LINEAR LINEAR LINEAR LINEAR LINEAR LINEAR LINEAR LINEAR LINEAR LINEAR LINEAR
