<?xml version="1.0" encoding="utf-8"?>
<COLLADA xmlns="http://www.collada.org/2005/11/COLLADASchema" version="1.4.1">
  <asset><contributor><author>Mixamo</author><authoring_tool>COLLADA Mixamo exporter</authoring_tool><comments></comments></contributor><created>2018-10-07T12:08:42Z</created><modified>2018-10-07T12:08:42Z</modified><revision></revision><title></title><unit meter="0.010000"/><up_axis>Y_UP</up_axis></asset>
  <library_animations>
    <animation id="mixamorig_Hips-anim" name="mixamorig_Hips"><source id="mixamorig_Hips-Matrix-animation-input"><float_array id="mixamorig_Hips-Matrix-animation-input-array" count="31">

0.000000 0.033333 0.066667 0.100000 0.133333 0.166667 0.200000 0.233333 0.266667 0.300000 0.333333 0.366667 0.400000 0.433333 0.466667 0.500000
0.533333 0.566667 0.600000 0.633333 0.666667 0.700000 0.733333 0.766667 0.800000 0.833333 0.866667 0.900000 0.933333 0.966667 1.000000</float_array><technique_common><accessor source="#mixamorig_Hips-Matrix-animation-input-array" count="31"><param name="TIME" type="float"/></accessor></technique_common></source><source id="mixamorig_Hips-Matrix-animation-output-transform"><float_array id="mixamorig_Hips-Matrix-animation-output-transform-array" count="496">

0.663576 0.100171 -0.741372 -0.612819 0.066167 0.979253 0.191536 96.104279 0.745177 -0.176153 0.643181 0.650427 0.000000 0.000000 0.000000 1.000000
0.616191 0.125601 -0.777517 -8.683911 0.055033 0.977923 0.201589 94.382202 0.785671 -0.167007 0.595675 0.778532 0.000000 0.000000 0.000000 1.000000
0.563751 0.152139 -0.811812 -16.759218 0.043589 0.976039 0.213186 92.511200 0.824794 -0.155570 0.543611 0.996757 0.000000 0.000000 0.000000 1.000000
0.508564 0.178193 -0.842383 -24.696259 0.032689 0.973649 0.225696 90.793266 0.860403 -0.142318 0.489338 1.299003 0.000000 0.000000 0.000000 1.000000
0.453601 0.202364 -0.867926 -32.397713 0.022790 0.970926 0.238291 89.388412 0.890913 -0.127869 0.435801 1.682626 0.000000 0.000000 0.000000 1.000000
0.401885 0.223408 -0.888019 -39.852489 0.014160 0.968149 0.249976 88.379250 0.915580 -0.113036 0.385921 2.130802 0.000000 0.000000 0.000000 1.000000
0.357113 0.239704 -0.902780 -46.456043 0.008295 0.965659 0.259681 88.323593 0.934024 -0.100224 0.342861 2.588415 0.000000 0.000000 0.000000 1.000000
0.352782 0.243063 -0.903585 -53.165359 0.004882 0.965181 0.261538 88.857452 0.935693 -0.096677 0.339312 3.062164 0.000000 0.000000 0.000000 1.000000
0.398842 0.234803 -0.886449 -59.543633 0.005467 0.966037 0.258344 90.052979 0.917003 -0.107885 0.384013 3.529361 0.000000 0.000000 0.000000 1.000000
0.438264 0.223382 -0.870646 -65.593201 0.009424 0.967431 0.252958 91.696075 0.898797 -0.119067 0.421886 3.934757 0.000000 0.000000 0.000000 1.000000
0.475067 0.210483 -0.854405 -71.578644 0.014300 0.968996 0.246663 93.433899 0.879833 -0.129400 0.457328 4.270285 0.000000 0.000000 0.000000 1.000000
0.509534 0.196346 -0.837749 -77.587593 0.020030 0.970646 0.239676 94.925636 0.860217 -0.138903 0.490645 4.521973 0.000000 0.000000 0.000000 1.000000
0.541891 0.181627 -0.820589 -83.622551 0.025716 0.972329 0.232195 95.728287 0.840055 -0.146927 0.522226 4.669716 0.000000 0.000000 0.000000 1.000000
0.572447 0.167104 -0.802733 -89.692764 0.030373 0.974019 0.224420 95.960976 0.819379 -0.152850 0.552499 4.708176 0.000000 0.000000 0.000000 1.000000
0.601956 0.152996 -0.783735 -95.891838 0.033974 0.975678 0.216560 95.727264 0.797806 -0.156986 0.582117 4.664125 0.000000 0.000000 0.000000 1.000000
0.630141 0.140199 -0.763719 -102.060081 0.035605 0.977313 0.208787 95.153122 0.775664 -0.158758 0.610853 4.560252 0.000000 0.000000 0.000000 1.000000
0.657097 0.128766 -0.742727 -108.173965 0.035682 0.978884 0.201277 94.125763 0.752961 -0.158760 0.638627 4.396940 0.000000 0.000000 0.000000 1.000000
0.683127 0.118071 -0.720692 -114.222610 0.035457 0.980318 0.194215 92.883720 0.729438 -0.158227 0.665495 4.172160 0.000000 0.000000 0.000000 1.000000
0.708142 0.107376 -0.697858 -120.373901 0.036211 0.981545 0.187771 92.029510 0.705141 -0.158239 0.691185 3.896885 0.000000 0.000000 0.000000 1.000000
0.732560 0.094705 -0.674082 -127.330994 0.040597 0.982433 0.182145 90.986023 0.679491 -0.160798 0.715847 3.553783 0.000000 0.000000 0.000000 1.000000
0.756703 0.081214 -0.648695 -134.778030 0.046666 0.983013 0.177504 89.628487 0.652091 -0.164590 0.740059 3.168440 0.000000 0.000000 0.000000 1.000000
0.781036 0.066616 -0.620923 -142.992325 0.054789 0.983150 0.174395 88.122742 0.622078 -0.170229 0.764226 2.765023 0.000000 0.000000 0.000000 1.000000
0.786442 0.057850 -0.614949 -151.061508 0.062481 0.983046 0.172384 87.432854 0.614495 -0.173992 0.769495 2.330304 0.000000 0.000000 0.000000 1.000000
0.774901 0.057100 -0.629499 -158.505981 0.065798 0.983214 0.170180 88.265762 0.628649 -0.173292 0.758136 1.910758 0.000000 0.000000 0.000000 1.000000
0.761436 0.061978 -0.645270 -164.615372 0.065161 0.983059 0.171314 90.210480 0.644957 -0.172491 0.744498 1.544075 0.000000 0.000000 0.000000 1.000000
0.747078 0.069430 -0.661101 -170.133408 0.062361 0.982824 0.173690 92.491119 0.661805 -0.170987 0.729916 1.233376 0.000000 0.000000 0.000000 1.000000
0.731723 0.078600 -0.677055 -175.639893 0.058134 0.982512 0.176890 94.410431 0.679119 -0.168794 0.714357 0.984796 0.000000 0.000000 0.000000 1.000000
0.715303 0.086433 -0.693449 -181.118744 0.056416 0.981940 0.180585 95.694847 0.696534 -0.168295 0.697508 0.785443 0.000000 0.000000 0.000000 1.000000
0.698260 0.092405 -0.709855 -186.752457 0.057692 0.981143 0.184470 96.665634 0.713516 -0.169761 0.679762 0.649948 0.000000 0.000000 0.000000 1.000000
0.680945 0.096695 -0.725922 -192.450302 0.061472 0.980200 0.188229 96.731194 0.729750 -0.172797 0.661518 0.598349 0.000000 0.000000 0.000000 1.000000
0.663576 0.100171 -0.741372 -197.807007 0.066167 0.979253 0.191536 96.104218 0.745177 -0.176153 0.643181 0.651437 0.000000 0.000000 0.000000 1.000000</float_array><technique_common><accessor source="#mixamorig_Hips-Matrix-animation-output-transform-array" count="31" stride="16"><param type="float4x4"/></accessor></technique_common></source><source id="mixamorig_Hips-Interpolations"><Name_array id="mixamorig_Hips-Interpolations-array" count="31">
 LINEAR LINEAR LINEAR LINEAR LINEAR LINEAR LINEAR LINEAR LINEAR LINEAR LINEAR
LINEAR LINEAR LINEAR LINEAR LINEAR LINEAR LINEAR LINEAR LINEAR LINEAR LINEAR LINEAR
LINEAR LINEAR LINEAR LINEAR LINEAR LINEAR LINEAR LINEAR</Name_array><technique_common><accessor source="#mixamorig_Hips-Interpolations-array" count="31"><param type="name"/></accessor></technique_common></source><sampler id="mixamorig_Hips-Matrix-animation-transform"><input semantic="INPUT" source="#mixamorig_Hips-Matrix-animation-input"/><input semantic="OUTPUT" source="#mixamorig_Hips-Matrix-animation-output-transform"/><input semantic="INTERPOLATION" source="#mixamorig_Hips-Interpolations"/></sampler><channel source="#mixamorig_Hips-Matrix-animation-transform" target="mixamorig_Hips/matrix"/></animation>
    <animation id="mixamorig_Spine-anim" name="mixamorig_Spine"><source id="mixamorig_Spine-Matrix-animation-input"><float_array id="mixamorig_Spine-Matrix-animation-input-array" count="31">

0.000000 0.033333 0.066667 0.100000 0.133333 0.166667 0.200000 0.233333 0.266667 0.300000 0.333333 0.366667 0.400000 0.433333 0.466667 0.500000
0.533333 0.566667 0.600000 0.633333 0.666667 0.700000 0.733333 0.766667 0.800000 0.833333 0.866667 0.900000 0.933333 0.966667 1.000000</float_array><technique_common><accessor source="#mixamorig_Spine-Matrix-animation-input-array" count="31"><param name="TIME" type="float"/></accessor></technique_common></source><source id="mixamorig_Spine-Matrix-animation-output-transform"><float_array id="mixamorig_Spine-Matrix-animation-output-transform-array" count="496">

0.995264 0.089822 -0.037162 -0.038100 -0.096621 0.955998 -0.277006 9.490500 0.010646 0.279285 0.960149 -1.392100 0.000000 0.000000 0.000000 1.000000
0.996631 0.081409 -0.009995 -0.038100 -0.080908 0.955789 -0.282703 9.490500 -0.013461 0.282559 0.959155 -1.392100 0.000000 0.000000 0.000000 1.000000
0.997135 0.073053 0.019614 -0.038100 -0.064272 0.955008 -0.289533 9.490500 -0.039883 0.287443 0.956967 -1.392100 0.000000 0.000000 0.000000 1.000000
0.996598 0.065697 0.049757 -0.038100 -0.048029 0.953626 -0.297138 9.490500 -0.066971 0.293737 0.953537 -1.392100 0.000000 0.000000 0.000000 1.000000
0.995165 0.059846 0.077884 -0.038100 -0.033342 0.951689 -0.305249 9.490500 -0.092389 0.301177 0.949082 -1.392100 0.000000 0.000000 0.000000 1.000000
0.993157 0.053456 0.103834 -0.038100 -0.018448 0.949738 -0.312503 9.490500 -0.115320 0.308449 0.944225 -1.392100 0.000000 0.000000 0.000000 1.000000
0.991061 0.046659 0.124987 -0.038100 -0.004495 0.947995 -0.318253 9.490500 -0.133336 0.314846 0.939731 -1.392100 0.000000 0.000000 0.000000 1.000000
0.989986 0.050811 0.131701 -0.038100 -0.006049 0.947385 -0.320041 9.490500 -0.141034 0.316039 0.938205 -1.392100 0.000000 0.000000 0.000000 1.000000
0.989882 0.076644 0.119413 -0.038100 -0.035185 0.947870 -0.316709 9.490500 -0.137462 0.309303 0.940976 -1.392100 0.000000 0.000000 0.000000 1.000000
0.990322 0.094968 0.101208 -0.038100 -0.058892 0.947870 -0.313168 9.490500 -0.125673 0.304177 0.944290 -1.392100 0.000000 0.000000 0.000000 1.000000
0.990889 0.108018 0.080439 -0.038100 -0.078346 0.948127 -0.308086 9.490500 -0.109546 0.298977 0.947952 -1.392100 0.000000 0.000000 0.000000 1.000000
0.991321 0.116598 0.060720 -0.038100 -0.093135 0.948883 -0.301574 9.490500 -0.092779 0.293301 0.951507 -1.392100 0.000000 0.000000 0.000000 1.000000
0.991851 0.120296 0.041956 -0.038100 -0.102734 0.949947 -0.295035 9.490500 -0.075347 0.288321 0.954565 -1.392100 0.000000 0.000000 0.000000 1.000000
0.992536 0.119722 0.023199 -0.038100 -0.108043 0.951520 -0.287987 9.490500 -0.056553 0.283331 0.957353 -1.392100 0.000000 0.000000 0.000000 1.000000
0.993249 0.115937 0.003924 -0.038100 -0.110164 0.953304 -0.281203 9.490500 -0.036342 0.278872 0.959640 -1.392100 0.000000 0.000000 0.000000 1.000000
0.993951 0.108797 -0.014997 -0.038100 -0.108706 0.955164 -0.275398 9.490500 -0.015638 0.275362 0.961213 -1.392100 0.000000 0.000000 0.000000 1.000000
0.994462 0.099690 -0.033285 -0.038100 -0.104988 0.956909 -0.270744 9.490500 0.004860 0.272739 0.962076 -1.392100 0.000000 0.000000 0.000000 1.000000
0.994593 0.090524 -0.050890 -0.038100 -0.100874 0.958593 -0.266316 9.490500 0.024675 0.270010 0.962541 -1.392100 0.000000 0.000000 0.000000 1.000000
0.994152 0.084333 -0.067451 -0.038100 -0.099259 0.959634 -0.263154 9.490500 0.042535 0.268310 0.962393 -1.392100 0.000000 0.000000 0.000000 1.000000
0.992906 0.084690 -0.083464 -0.038100 -0.103786 0.959808 -0.260764 9.490500 0.058025 0.267576 0.961788 -1.392100 0.000000 0.000000 0.000000 1.000000
0.990947 0.090867 -0.098825 -0.038100 -0.113757 0.959244 -0.258671 9.490500 0.071293 0.267572 0.960897 -1.392100 0.000000 0.000000 0.000000 1.000000
0.988168 0.103171 -0.113486 -0.038100 -0.129424 0.957957 -0.256063 9.490500 0.082296 0.267721 0.959975 -1.392100 0.000000 0.000000 0.000000 1.000000
0.986623 0.108570 -0.121601 -0.038100 -0.136768 0.957206 -0.255052 9.490500 0.088707 0.268271 0.959251 -1.392100 0.000000 0.000000 0.000000 1.000000
0.987769 0.103595 -0.116539 -0.038100 -0.130873 0.957120 -0.258445 9.490500 0.084768 0.270536 0.958971 -1.392100 0.000000 0.000000 0.000000 1.000000
0.989742 0.095563 -0.106200 -0.038100 -0.120597 0.957389 -0.262418 9.490500 0.076597 0.272533 0.959093 -1.392100 0.000000 0.000000 0.000000 1.000000
0.991492 0.088712 -0.095261 -0.038100 -0.111183 0.957726 -0.265327 9.490500 0.067696 0.273661 0.959441 -1.392100 0.000000 0.000000 0.000000 1.000000
0.993041 0.082928 -0.083617 -0.038100 -0.102605 0.957747 -0.268687 9.490500 0.057802 0.275397 0.959591 -1.392100 0.000000 0.000000 0.000000 1.000000
0.994142 0.080931 -0.071643 -0.038100 -0.097484 0.957657 -0.270906 9.490500 0.046685 0.276303 0.959936 -1.392100 0.000000 0.000000 0.000000 1.000000
0.994775 0.082698 -0.059858 -0.038100 -0.096010 0.957155 -0.273196 9.490500 0.034701 0.277516 0.960094 -1.392100 0.000000 0.000000 0.000000 1.000000
0.995096 0.086331 -0.048282 -0.038100 -0.096339 0.956557 -0.275168 9.490500 0.022429 0.278470 0.960183 -1.392100 0.000000 0.000000 0.000000 1.000000
0.995263 0.089840 -0.037151 -0.038100 -0.096636 0.955982 -0.277057 9.490500 0.010625 0.279334 0.960135 -1.392100 0.000000 0.000000 0.000000 1.000000</float_array><technique_common><accessor source="#mixamorig_Spine-Matrix-animation-output-transform-array" count="31" stride="16"><param type="float4x4"/></accessor></technique_common></source><source id="mixamorig_Spine-Interpolations"><Name_array id="mixamorig_Spine-Interpolations-array" count="31">
 LINEAR LINEAR LINEAR LINEAR LINEAR LINEAR LINEAR LINEAR LINEAR LINEAR LINEAR
LINEAR LINEAR LINEAR LINEAR LINEAR LINEAR LINEAR LINEAR LINEAR LINEAR LINEAR LINEAR
LINEAR LINEAR LINEAR LINEAR LINEAR LINEAR LINEAR LINEAR</Name_array><technique_common><accessor source="#mixamorig_Spine-Interpolations-array" count="31"><param type="name"/></accessor></technique_common></source><sampler id="mixamorig_Spine-Matrix-animation-transform"><input semantic="INPUT" source="#mixamorig_Spine-Matrix-animation-input"/><input semantic="OUTPUT" source="#mixamorig_Spine-Matrix-animation-output-transform"/><input semantic="INTERPOLATION" source="#mixamorig_Spine-Interpolations"/></sampler><channel source="#mixamorig_Spine-Matrix-animation-transform" target="mixamorig_Spine/matrix"/></animation>
    <animation id="mixamorig_Spine1-anim" name="mixamorig_Spine1"><source id="mixamorig_Spine1-Matrix-animation-input"><float_array id="mixamorig_Spine1-Matrix-animation-input-array" count="31">

0.000000 0.033333 0.066667 0.100000 0.133333 0.166667 0.200000 0.233333 0.266667 0.300000 0.333333 0.366667 0.400000 0.433333 0.466667 0.500000
0.533333 0.566667 0.600000 0.633333 0.666667 0.700000 0.733333 0.766667 0.800000 0.833333 0.866667 0.900000 0.933333 0.966667 1.000000</float_array><technique_common><accessor source="#mixamorig_Spine1-Matrix-animation-input-array" count="31"><param name="TIME" type="float"/></accessor></technique_common></source><source id="mixamorig_Spine1-Matrix-animation-output-transform"><float_array id="mixamorig_Spine1-Matrix-animation-output-transform-array" count="496">

0.986676 -0.109696 0.120159 -0.044200 0.146088 0.922419 -0.357492 11.072300 -0.071621 0.370283 0.926154 -1.624100 0.000000 0.000000 0.000000 1.000000
0.986518 -0.102034 0.127954 -0.044200 0.141800 0.923269 -0.357026 11.072300 -0.081707 0.370356 0.925289 -1.624100 0.000000 0.000000 0.000000 1.000000
0.986376 -0.094071 0.134958 -0.044200 0.136852 0.924481 -0.355819 11.072300 -0.091293 0.369440 0.924759 -1.624100 0.000000 0.000000 0.000000 1.000000
0.986105 -0.086649 0.141738 -0.044200 0.132233 0.925867 -0.353957 11.072300 -0.100561 0.367781 0.924459 -1.624100 0.000000 0.000000 0.000000 1.000000
0.985540 -0.080386 0.149162 -0.044200 0.128842 0.927254 -0.351567 11.072300 -0.110051 0.365702 0.924203 -1.624100 0.000000 0.000000 0.000000 1.000000
0.984910 -0.073962 0.156465 -0.044200 0.125258 0.928501 -0.349566 11.072300 -0.119423 0.363890 0.923755 -1.624100 0.000000 0.000000 0.000000 1.000000
0.984226 -0.066503 0.163939 -0.044200 0.120841 0.929518 -0.348416 11.072300 -0.129213 0.362731 0.922892 -1.624100 0.000000 0.000000 0.000000 1.000000
0.984192 -0.069208 0.163025 -0.044200 0.122855 0.929799 -0.346958 11.072300 -0.127568 0.361502 0.923603 -1.624100 0.000000 0.000000 0.000000 1.000000
0.984603 -0.086928 0.151656 -0.044200 0.135328 0.928220 -0.346546 11.072300 -0.110646 0.361734 0.925692 -1.624100 0.000000 0.000000 0.000000 1.000000
0.984471 -0.097432 0.146024 -0.044200 0.143179 0.926946 -0.346800 11.072300 -0.101567 0.362322 0.926502 -1.624100 0.000000 0.000000 0.000000 1.000000
0.984243 -0.103819 0.143136 -0.044200 0.148244 0.925731 -0.347916 11.072300 -0.096386 0.363653 0.926535 -1.624100 0.000000 0.000000 0.000000 1.000000
0.984076 -0.107914 0.141240 -0.044200 0.151614 0.924359 -0.350104 11.072300 -0.092776 0.365943 0.926001 -1.624100 0.000000 0.000000 0.000000 1.000000
0.984163 -0.109166 0.139667 -0.044200 0.152434 0.923342 -0.352425 11.072300 -0.090487 0.368134 0.925359 -1.624100 0.000000 0.000000 0.000000 1.000000
0.984329 -0.108655 0.138889 -0.044200 0.151909 0.922460 -0.354952 11.072300 -0.089552 0.370488 0.924510 -1.624100 0.000000 0.000000 0.000000 1.000000
0.984461 -0.107821 0.138604 -0.044200 0.151254 0.921636 -0.357365 11.072300 -0.089211 0.372776 0.923623 -1.624100 0.000000 0.000000 0.000000 1.000000
0.984717 -0.105804 0.138338 -0.044200 0.149453 0.921180 -0.359294 11.072300 -0.089419 0.374478 0.922914 -1.624100 0.000000 0.000000 0.000000 1.000000
0.985041 -0.103688 0.137633 -0.044200 0.147352 0.920927 -0.360805 11.072300 -0.089338 0.375688 0.922430 -1.624100 0.000000 0.000000 0.000000 1.000000
0.985381 -0.101939 0.136504 -0.044200 0.145463 0.920512 -0.362627 11.072300 -0.088688 0.377182 0.921883 -1.624100 0.000000 0.000000 0.000000 1.000000
0.985695 -0.101816 0.134310 -0.044200 0.144590 0.920313 -0.363479 11.072300 -0.086599 0.377699 0.921870 -1.624100 0.000000 0.000000 0.000000 1.000000
0.985933 -0.103825 0.130980 -0.044200 0.145238 0.920010 -0.363988 11.072300 -0.082712 0.377891 0.922148 -1.624100 0.000000 0.000000 0.000000 1.000000
0.985962 -0.109220 0.126297 -0.044200 0.148500 0.919402 -0.364209 11.072300 -0.076339 0.377851 0.922714 -1.624100 0.000000 0.000000 0.000000 1.000000
0.985890 -0.117496 0.119231 -0.044200 0.153510 0.918634 -0.364068 11.072300 -0.066754 0.377234 0.923709 -1.624100 0.000000 0.000000 0.000000 1.000000
0.985777 -0.118646 0.119027 -0.044200 0.154458 0.918730 -0.363425 11.072300 -0.066235 0.376641 0.923989 -1.624100 0.000000 0.000000 0.000000 1.000000
0.986071 -0.113531 0.121555 -0.044200 0.150457 0.920388 -0.360900 11.072300 -0.070904 0.374162 0.924649 -1.624100 0.000000 0.000000 0.000000 1.000000
0.986506 -0.109691 0.121549 -0.044200 0.146772 0.921478 -0.359635 11.072300 -0.072556 0.372622 0.925143 -1.624100 0.000000 0.000000 0.000000 1.000000
0.986752 -0.107767 0.121270 -0.044200 0.144829 0.921986 -0.359119 11.072300 -0.073108 0.371925 0.925379 -1.624100 0.000000 0.000000 0.000000 1.000000
0.986858 -0.107402 0.120729 -0.044200 0.144228 0.922358 -0.358405 11.072300 -0.072862 0.371107 0.925727 -1.624100 0.000000 0.000000 0.000000 1.000000
0.986858 -0.107928 0.120259 -0.044200 0.144520 0.922430 -0.358102 11.072300 -0.072281 0.370775 0.925906 -1.624100 0.000000 0.000000 0.000000 1.000000
0.986773 -0.109065 0.119937 -0.044200 0.145442 0.922386 -0.357843 11.072300 -0.071600 0.370553 0.926047 -1.624100 0.000000 0.000000 0.000000 1.000000
0.986709 -0.109474 0.120083 -0.044200 0.145848 0.922481 -0.357430 11.072300 -0.071645 0.370194 0.926188 -1.624100 0.000000 0.000000 0.000000 1.000000
0.986672 -0.109606 0.120271 -0.044200 0.146061 0.922344 -0.357698 11.072300 -0.071725 0.370498 0.926060 -1.624100 0.000000 0.000000 0.000000 1.000000</float_array><technique_common><accessor source="#mixamorig_Spine1-Matrix-animation-output-transform-array" count="31" stride="16"><param type="float4x4"/></accessor></technique_common></source><source id="mixamorig_Spine1-Interpolations"><Name_array id="mixamorig_Spine1-Interpolations-array" count="31">
 LINEAR LINEAR LINEAR LINEAR LINEAR LINEAR LINEAR LINEAR LINEAR LINEAR LINEAR
LINEAR LINEAR LINEAR LINEAR LINEAR LINEAR LINEAR LINEAR LINEAR LINEAR LINEAR LINEAR
LINEAR LINEAR LINEAR LINEAR LINEAR LINEAR LINEAR LINEAR</Name_array><technique_common><accessor source="#mixamorig_Spine1-Interpolations-array" count="31"><param type="name"/></accessor></technique_common></source><sampler id="mixamorig_Spine1-Matrix-animation-transform"><input semantic="INPUT" source="#mixamorig_Spine1-Matrix-animation-input"/><input semantic="OUTPUT" source="#mixamorig_Spine1-Matrix-animation-output-transform"/><input semantic="INTERPOLATION" source="#mixamorig_Spine1-Interpolations"/></sampler><channel source="#mixamorig_Spine1-Matrix-animation-transform" target="mixamorig_Spine1/matrix"/></animation>
    <animation id="mixamorig_Spine2-anim" name="mixamorig_Spine2"><source id="mixamorig_Spine2-Matrix-animation-input"><float_array id="mixamorig_Spine2-Matrix-animation-input-array" count="31">

0.000000 0.033333 0.066667 0.100000 0.133333 0.166667 0.200000 0.233333 0.266667 0.300000 0.333333 0.366667 0.400000 0.433333 0.466667 0.500000
0.533333 0.566667 0.600000 0.633333 0.666667 0.700000 0.733333 0.766667 0.800000 0.833333 0.866667 0.900000 0.933333 0.966667 1.000000</float_array><technique_common><accessor source="#mixamorig_Spine2-Matrix-animation-input-array" count="31"><param name="TIME" type="float"/></accessor></technique_common></source><source id="mixamorig_Spine2-Matrix-animation-output-transform"><float_array id="mixamorig_Spine2-Matrix-animation-output-transform-array" count="496">

0.966745 -0.163080 0.196999 -0.050500 0.215799 0.933557 -0.286184 12.654000 -0.137239 0.319179 0.937705 -1.856100 0.000000 0.000000 0.000000 1.000000
0.967246 -0.153582 0.202107 -0.050500 0.208628 0.934537 -0.288295 12.654000 -0.144599 0.321017 0.935969 -1.856100 0.000000 0.000000 0.000000 1.000000
0.967830 -0.143984 0.206334 -0.050500 0.200979 0.935776 -0.289708 12.654000 -0.151369 0.321857 0.934610 -1.856100 0.000000 0.000000 0.000000 1.000000
0.968262 -0.134716 0.210524 -0.050500 0.193542 0.937098 -0.290498 12.654000 -0.158147 0.322023 0.933429 -1.856100 0.000000 0.000000 0.000000 1.000000
0.968297 -0.126102 0.215637 -0.050500 0.186961 0.938339 -0.290802 12.654000 -0.165670 0.321898 0.932167 -1.856100 0.000000 0.000000 0.000000 1.000000
0.968227 -0.117623 0.220684 -0.050500 0.180547 0.939397 -0.291437 12.654000 -0.173030 0.322021 0.930786 -1.856100 0.000000 0.000000 0.000000 1.000000
0.968226 -0.108159 0.225477 -0.050500 0.173324 0.940185 -0.293276 12.654000 -0.180270 0.323038 0.929058 -1.856100 0.000000 0.000000 0.000000 1.000000
0.967815 -0.111079 0.225820 -0.050500 0.175809 0.940471 -0.290870 12.654000 -0.180068 0.321210 0.929731 -1.856100 0.000000 0.000000 0.000000 1.000000
0.966244 -0.132002 0.221244 -0.050500 0.193322 0.939140 -0.283978 12.654000 -0.170293 0.317163 0.932956 -1.856100 0.000000 0.000000 0.000000 1.000000
0.964925 -0.144067 0.219463 -0.050500 0.203868 0.937903 -0.280670 12.654000 -0.165400 0.315567 0.934377 -1.856100 0.000000 0.000000 0.000000 1.000000
0.964084 -0.150968 0.218521 -0.050500 0.210156 0.936701 -0.280047 12.654000 -0.162410 0.315912 0.934785 -1.856100 0.000000 0.000000 0.000000 1.000000
0.963602 -0.155419 0.217523 -0.050500 0.214366 0.935370 -0.281301 12.654000 -0.159745 0.317692 0.934641 -1.856100 0.000000 0.000000 0.000000 1.000000
0.963665 -0.157094 0.216036 -0.050500 0.215844 0.934415 -0.283337 12.654000 -0.157357 0.319672 0.934371 -1.856100 0.000000 0.000000 0.000000 1.000000
0.964020 -0.156795 0.214665 -0.050500 0.215572 0.933618 -0.286159 12.654000 -0.155547 0.322139 0.933826 -1.856100 0.000000 0.000000 0.000000 1.000000
0.964408 -0.155891 0.213576 -0.050500 0.214819 0.932884 -0.289101 12.654000 -0.154173 0.324692 0.933170 -1.856100 0.000000 0.000000 0.000000 1.000000
0.964959 -0.154057 0.212414 -0.050500 0.213064 0.932512 -0.291590 12.654000 -0.153157 0.326630 0.932661 -1.856100 0.000000 0.000000 0.000000 1.000000
0.965563 -0.152265 0.210957 -0.050500 0.211158 0.932334 -0.293538 12.654000 -0.151987 0.327975 0.932380 -1.856100 0.000000 0.000000 0.000000 1.000000
0.966173 -0.150905 0.209133 -0.050500 0.209577 0.932003 -0.295714 12.654000 -0.150288 0.329541 0.932103 -1.856100 0.000000 0.000000 0.000000 1.000000
0.966516 -0.151534 0.207087 -0.050500 0.209569 0.931841 -0.296231 12.654000 -0.148084 0.329711 0.932396 -1.856100 0.000000 0.000000 0.000000 1.000000
0.966546 -0.154566 0.204689 -0.050500 0.211599 0.931534 -0.295752 12.654000 -0.144962 0.329170 0.933077 -1.856100 0.000000 0.000000 0.000000 1.000000
0.966064 -0.160998 0.201992 -0.050500 0.216650 0.930856 -0.294228 12.654000 -0.140655 0.328004 0.934146 -1.856100 0.000000 0.000000 0.000000 1.000000
0.965293 -0.170693 0.197670 -0.050500 0.224153 0.929894 -0.291637 12.654000 -0.134032 0.325823 0.935882 -1.856100 0.000000 0.000000 0.000000 1.000000
0.965167 -0.171407 0.197667 -0.050500 0.224749 0.929951 -0.290996 12.654000 -0.133942 0.325286 0.936082 -1.856100 0.000000 0.000000 0.000000 1.000000
0.965919 -0.165666 0.198883 -0.050500 0.219434 0.931622 -0.289707 12.654000 -0.137290 0.323475 0.936224 -1.856100 0.000000 0.000000 0.000000 1.000000
0.966666 -0.162192 0.198119 -0.050500 0.215718 0.932722 -0.288954 12.654000 -0.137924 0.322060 0.936618 -1.856100 0.000000 0.000000 0.000000 1.000000
0.967005 -0.160845 0.197559 -0.050500 0.214164 0.933225 -0.288487 12.654000 -0.137965 0.321278 0.936881 -1.856100 0.000000 0.000000 0.000000 1.000000
0.967117 -0.160746 0.197094 -0.050500 0.213791 0.933570 -0.287648 12.654000 -0.137763 0.320326 0.937237 -1.856100 0.000000 0.000000 0.000000 1.000000
0.967126 -0.161240 0.196644 -0.050500 0.214065 0.933622 -0.287273 12.654000 -0.137271 0.319923 0.937446 -1.856100 0.000000 0.000000 0.000000 1.000000
0.966905 -0.162500 0.196693 -0.050500 0.215209 0.933545 -0.286670 12.654000 -0.137038 0.319513 0.937620 -1.856100 0.000000 0.000000 0.000000 1.000000
0.966793 -0.162878 0.196934 -0.050500 0.215578 0.933617 -0.286157 12.654000 -0.137252 0.319109 0.937727 -1.856100 0.000000 0.000000 0.000000 1.000000
0.966734 -0.163004 0.197115 -0.050500 0.215794 0.933496 -0.286389 12.654000 -0.137323 0.319399 0.937618 -1.856100 0.000000 0.000000 0.000000 1.000000</float_array><technique_common><accessor source="#mixamorig_Spine2-Matrix-animation-output-transform-array" count="31" stride="16"><param type="float4x4"/></accessor></technique_common></source><source id="mixamorig_Spine2-Interpolations"><Name_array id="mixamorig_Spine2-Interpolations-array" count="31">
 LINEAR LINEAR LINEAR LINEAR LINEAR LINEAR LINEAR LINEAR LINEAR LINEAR LINEAR
LINEAR LINEAR LINEAR LINEAR LINEAR LINEAR LINEAR LINEAR LINEAR LINEAR LINEAR LINEAR
LINEAR LINEAR LINEAR LINEAR LINEAR LINEAR LINEAR LINEAR</Name_array><technique_common><accessor source="#mixamorig_Spine2-Interpolations-array" count="31"><param type="name"/></accessor></technique_common></source><sampler id="mixamorig_Spine2-Matrix-animation-transform"><input semantic="INPUT" source="#mixamorig_Spine2-Matrix-animation-input"/><input semantic="OUTPUT" source="#mixamorig_Spine2-Matrix-animation-output-transform"/><input semantic="INTERPOLATION" source="#mixamorig_Spine2-Interpolations"/></sampler><channel source="#mixamorig_Spine2-Matrix-animation-transform" target="mixamorig_Spine2/matrix"/></animation>
    <animation id="mixamorig_Neck-anim" name="mixamorig_Neck"><source id="mixamorig_Neck-Matrix-animation-input"><float_array id="mixamorig_Neck-Matrix-animation-input-array" count="31">

0.000000 0.033333 0.066667 0.100000 0.133333 0.166667 0.200000 0.233333 0.266667 0.300000 0.333333 0.366667 0.400000 0.433333 0.466667 0.500000
0.533333 0.566667 0.600000 0.633333 0.666667 0.700000 0.733333 0.766667 0.800000 0.833333 0.866667 0.900000 0.933333 0.966667 1.000000</float_array><technique_common><accessor source="#mixamorig_Neck-Matrix-animation-input-array" count="31"><param name="TIME" type="float"/></accessor></technique_common></source><source id="mixamorig_Neck-Matrix-animation-output-transform"><float_array id="mixamorig_Neck-Matrix-animation-output-transform-array" count="496">

0.997869 -0.002701 0.065196 -0.056900 -0.003996 0.994738 0.102373 14.235800 -0.065130 -0.102415 0.992607 -2.088100 0.000000 0.000000 0.000000 1.000000
0.997608 -0.003722 0.069031 -0.056900 -0.003389 0.994716 0.102608 14.235800 -0.069048 -0.102596 0.992324 -2.088100 0.000000 0.000000 0.000000 1.000000
0.997256 -0.004998 0.073867 -0.056900 -0.002637 0.994688 0.102898 14.235800 -0.073989 -0.102810 0.991945 -2.088100 0.000000 0.000000 0.000000 1.000000
0.996852 -0.006388 0.079032 -0.056900 -0.001810 0.994657 0.103219 14.235800 -0.079269 -0.103037 0.991514 -2.088100 0.000000 0.000000 0.000000 1.000000
0.996447 -0.007682 0.083871 -0.056900 -0.001046 0.994626 0.103527 14.235800 -0.084215 -0.103247 0.991084 -2.088100 0.000000 0.000000 0.000000 1.000000
0.996108 -0.008701 0.087716 -0.056900 -0.000451 0.994601 0.103772 14.235800 -0.088146 -0.103408 0.990726 -2.088100 0.000000 0.000000 0.000000 1.000000
0.995907 -0.009289 0.089905 -0.056900 -0.000103 0.994588 0.103901 14.235800 -0.090384 -0.103485 0.990516 -2.088100 0.000000 0.000000 0.000000 1.000000
0.995896 -0.009307 0.090022 -0.056900 -0.000097 0.994588 0.103901 14.235800 -0.090501 -0.103483 0.990505 -2.088100 0.000000 0.000000 0.000000 1.000000
0.995993 -0.009047 0.088976 -0.056900 -0.000244 0.994593 0.103851 14.235800 -0.089435 -0.103457 0.990605 -2.088100 0.000000 0.000000 0.000000 1.000000
0.996163 -0.008527 0.087101 -0.056900 -0.000556 0.994605 0.103730 14.235800 -0.087516 -0.103380 0.990784 -2.088100 0.000000 0.000000 0.000000 1.000000
0.996388 -0.007864 0.084555 -0.056900 -0.000939 0.994622 0.103568 14.235800 -0.084915 -0.103273 0.991022 -2.088100 0.000000 0.000000 0.000000 1.000000
0.996647 -0.007057 0.081521 -0.056900 -0.001412 0.994642 0.103368 14.235800 -0.081814 -0.103137 0.991297 -2.088100 0.000000 0.000000 0.000000 1.000000
0.996921 -0.006158 0.078167 -0.056900 -0.001945 0.994663 0.103160 14.235800 -0.078385 -0.102994 0.991589 -2.088100 0.000000 0.000000 0.000000 1.000000
0.997195 -0.005227 0.074662 -0.056900 -0.002493 0.994685 0.102932 14.235800 -0.074803 -0.102829 0.991882 -2.088100 0.000000 0.000000 0.000000 1.000000
0.997454 -0.004300 0.071183 -0.056900 -0.003044 0.994704 0.102736 14.235800 -0.071248 -0.102691 0.992158 -2.088100 0.000000 0.000000 0.000000 1.000000
0.997686 -0.003429 0.067899 -0.056900 -0.003559 0.994723 0.102537 14.235800 -0.067893 -0.102541 0.992409 -2.088100 0.000000 0.000000 0.000000 1.000000
0.997890 -0.002619 0.064873 -0.056900 -0.004044 0.994740 0.102352 14.235800 -0.064800 -0.102399 0.992631 -2.088100 0.000000 0.000000 0.000000 1.000000
0.998075 -0.001863 0.061996 -0.056900 -0.004490 0.994755 0.102185 14.235800 -0.061861 -0.102266 0.992832 -2.088100 0.000000 0.000000 0.000000 1.000000
0.998234 -0.001161 0.059390 -0.056900 -0.004913 0.994769 0.102027 14.235800 -0.059197 -0.102139 0.993007 -2.088100 0.000000 0.000000 0.000000 1.000000
0.998364 -0.000580 0.057174 -0.056900 -0.005259 0.994777 0.101934 14.235800 -0.056935 -0.102068 0.993147 -2.088100 0.000000 0.000000 0.000000 1.000000
0.998460 -0.000125 0.055474 -0.056900 -0.005536 0.994781 0.101879 14.235800 -0.055197 -0.102029 0.993249 -2.088100 0.000000 0.000000 0.000000 1.000000
0.998519 0.000124 0.054412 -0.056900 -0.005674 0.994784 0.101843 14.235800 -0.054116 -0.102001 0.993311 -2.088100 0.000000 0.000000 0.000000 1.000000
0.998543 0.000219 0.053967 -0.056900 -0.005722 0.994786 0.101823 14.235800 -0.053663 -0.101984 0.993338 -2.088100 0.000000 0.000000 0.000000 1.000000
0.998547 0.000232 0.053887 -0.056900 -0.005726 0.994787 0.101818 14.235800 -0.053582 -0.101978 0.993343 -2.088100 0.000000 0.000000 0.000000 1.000000
0.998531 0.000168 0.054182 -0.056900 -0.005692 0.994786 0.101825 14.235800 -0.053883 -0.101984 0.993326 -2.088100 0.000000 0.000000 0.000000 1.000000
0.998493 0.000028 0.054876 -0.056900 -0.005625 0.994784 0.101845 14.235800 -0.054587 -0.102000 0.993286 -2.088100 0.000000 0.000000 0.000000 1.000000
0.998431 -0.000264 0.055994 -0.056900 -0.005451 0.994782 0.101881 14.235800 -0.055728 -0.102026 0.993219 -2.088100 0.000000 0.000000 0.000000 1.000000
0.998342 -0.000677 0.057555 -0.056900 -0.005201 0.994778 0.101931 14.235800 -0.057324 -0.102062 0.993125 -2.088100 0.000000 0.000000 0.000000 1.000000
0.998222 -0.001218 0.059595 -0.056900 -0.004878 0.994767 0.102049 14.235800 -0.059408 -0.102159 0.992993 -2.088100 0.000000 0.000000 0.000000 1.000000
0.998066 -0.001893 0.062132 -0.056900 -0.004475 0.994755 0.102189 14.235800 -0.061999 -0.102270 0.992823 -2.088100 0.000000 0.000000 0.000000 1.000000
0.997869 -0.002705 0.065195 -0.056900 -0.003992 0.994738 0.102378 14.235800 -0.065129 -0.102420 0.992607 -2.088100 0.000000 0.000000 0.000000 1.000000</float_array><technique_common><accessor source="#mixamorig_Neck-Matrix-animation-output-transform-array" count="31" stride="16"><param type="float4x4"/></accessor></technique_common></source><source id="mixamorig_Neck-Interpolations"><Name_array id="mixamorig_Neck-Interpolations-array" count="31">
 LINEAR LINEAR LINEAR LINEAR LINEAR LINEAR LINEAR LINEAR LINEAR LINEAR LINEAR
LINEAR LINEAR LINEAR LINEAR LINEAR LINEAR LINEAR LINEAR LINEAR LINEAR LINEAR LINEAR
LINEAR LINEAR LINEAR LINEAR LINEAR LINEAR LINEAR LINEAR</Name_array><technique_common><accessor source="#mixamorig_Neck-Interpolations-array" count="31"><param type="name"/></accessor></technique_common></source><sampler id="mixamorig_Neck-Matrix-animation-transform"><input semantic="INPUT" source="#mixamorig_Neck-Matrix-animation-input"/><input semantic="OUTPUT" source="#mixamorig_Neck-Matrix-animation-output-transform"/><input semantic="INTERPOLATION" source="#mixamorig_Neck-Interpolations"/></sampler><channel source="#mixamorig_Neck-Matrix-animation-transform" target="mixamorig_Neck/matrix"/></animation>
    <animation id="mixamorig_Head-anim" name="mixamorig_Head"><source id="mixamorig_Head-Matrix-animation-input"><float_array id="mixamorig_Head-Matrix-animation-input-array" count="31">

0.000000 0.033333 0.066667 0.100000 0.133333 0.166667 0.200000 0.233333 0.266667 0.300000 0.333333 0.366667 0.400000 0.433333 0.466667 0.500000
0.533333 0.566667 0.600000 0.633333 0.666667 0.700000 0.733333 0.766667 0.800000 0.833333 0.866667 0.900000 0.933333 0.966667 1.000000</float_array><technique_common><accessor source="#mixamorig_Head-Matrix-animation-input-array" count="31"><param name="TIME" type="float"/></accessor></technique_common></source><source id="mixamorig_Head-Matrix-animation-output-transform"><float_array id="mixamorig_Head-Matrix-animation-output-transform-array" count="496">

0.850325 0.197096 0.487955 0.000000 -0.253427 0.965986 0.051446 3.280200 -0.461217 -0.167407 0.871352 0.313300 0.000000 0.000000 0.000000 1.000000
0.846864 0.194995 0.494771 -0.000000 -0.252911 0.966083 0.052146 3.280200 -0.467822 -0.169294 0.867457 0.313300 0.000000 0.000000 0.000000 1.000000
0.842436 0.192293 0.503315 0.000000 -0.252284 0.966193 0.053130 3.280200 -0.476083 -0.171737 0.862468 0.313300 0.000000 0.000000 0.000000 1.000000
0.837598 0.189389 0.512408 0.000000 -0.251663 0.966294 0.054229 3.280200 -0.484867 -0.174376 0.857028 0.313300 0.000000 0.000000 0.000000 1.000000
0.832993 0.186599 0.520867 0.000000 -0.251050 0.966394 0.055283 3.280200 -0.493047 -0.176814 0.851846 0.313300 0.000000 0.000000 0.000000 1.000000
0.829281 0.184352 0.527548 0.000000 -0.250559 0.966473 0.056133 3.280200 -0.499512 -0.178732 0.847669 0.313300 0.000000 0.000000 0.000000 1.000000
0.827145 0.183047 0.531343 0.000000 -0.250263 0.966521 0.056620 3.280200 -0.503190 -0.179808 0.845263 0.313300 0.000000 0.000000 0.000000 1.000000
0.827042 0.182952 0.531535 0.000000 -0.250232 0.966526 0.056674 3.280200 -0.503374 -0.179879 0.845138 0.313300 0.000000 0.000000 0.000000 1.000000
0.828062 0.183560 0.529735 0.000000 -0.250368 0.966503 0.056459 3.280200 -0.501627 -0.179380 0.846282 0.313300 0.000000 0.000000 0.000000 1.000000
0.829903 0.184620 0.526476 -0.000000 -0.250561 0.966477 0.056054 3.280200 -0.498478 -0.178433 0.848340 0.313300 0.000000 0.000000 0.000000 1.000000
0.832353 0.186115 0.522062 0.000000 -0.250889 0.966425 0.055476 3.280200 -0.494209 -0.177155 0.851101 0.313300 0.000000 0.000000 0.000000 1.000000
0.835259 0.187890 0.516760 0.000000 -0.251289 0.966359 0.054809 3.280200 -0.489077 -0.175636 0.854374 0.313300 0.000000 0.000000 0.000000 1.000000
0.838422 0.189846 0.510888 0.000000 -0.251751 0.966280 0.054081 3.280200 -0.483393 -0.173959 0.857945 0.313300 0.000000 0.000000 0.000000 1.000000
0.841686 0.191866 0.504730 -0.000000 -0.252213 0.966203 0.053301 3.280200 -0.477445 -0.172162 0.861630 0.313300 0.000000 0.000000 0.000000 1.000000
0.844879 0.193880 0.498588 0.000000 -0.252689 0.966122 0.052508 3.280200 -0.471516 -0.170350 0.865247 0.313300 0.000000 0.000000 0.000000 1.000000
0.847856 0.195760 0.492766 -0.000000 -0.253156 0.966037 0.051807 3.280200 -0.465889 -0.168671 0.868618 0.313300 0.000000 0.000000 0.000000 1.000000
0.850564 0.197493 0.487379 0.000000 -0.253595 0.965957 0.051149 3.280200 -0.460685 -0.167102 0.871691 0.313300 0.000000 0.000000 0.000000 1.000000
0.853111 0.199097 0.482247 0.000000 -0.253995 0.965883 0.050559 3.280200 -0.455728 -0.165621 0.874575 0.313300 0.000000 0.000000 0.000000 1.000000
0.855400 0.200523 0.477579 -0.000000 -0.254356 0.965814 0.050061 3.280200 -0.451214 -0.164297 0.877161 0.313300 0.000000 0.000000 0.000000 1.000000
0.857322 0.201732 0.473607 0.000000 -0.254667 0.965754 0.049635 3.280200 -0.447375 -0.163165 0.879336 0.313300 0.000000 0.000000 0.000000 1.000000
0.858787 0.202658 0.470547 0.000000 -0.254904 0.965709 0.049303 3.280200 -0.444419 -0.162285 0.880997 0.313300 0.000000 0.000000 0.000000 1.000000
0.859703 0.203191 0.468641 0.000000 -0.255024 0.965686 0.049134 3.280200 -0.442576 -0.161755 0.882021 0.313300 0.000000 0.000000 0.000000 1.000000
0.860089 0.203398 0.467841 -0.000000 -0.255066 0.965677 0.049083 3.280200 -0.441800 -0.161546 0.882448 0.313300 0.000000 0.000000 0.000000 1.000000
0.860158 0.203420 0.467706 0.000000 -0.255071 0.965675 0.049098 3.280200 -0.441665 -0.161530 0.882519 0.313300 0.000000 0.000000 0.000000 1.000000
0.859904 0.203290 0.468229 0.000000 -0.255042 0.965682 0.049119 3.280200 -0.442175 -0.161655 0.882241 0.313300 0.000000 0.000000 0.000000 1.000000
0.859302 0.202962 0.469475 0.000000 -0.254984 0.965692 0.049223 3.280200 -0.443378 -0.162006 0.881572 0.313300 0.000000 0.000000 0.000000 1.000000
0.858342 0.202368 0.471483 -0.000000 -0.254833 0.965721 0.049423 3.280200 -0.445320 -0.162571 0.880489 0.313300 0.000000 0.000000 0.000000 1.000000
0.856991 0.201529 0.474291 -0.000000 -0.254618 0.965763 0.049708 3.280200 -0.448035 -0.163363 0.878964 0.313300 0.000000 0.000000 0.000000 1.000000
0.855211 0.200450 0.477947 0.000000 -0.254351 0.965816 0.050059 3.280200 -0.451574 -0.164377 0.876961 0.313300 0.000000 0.000000 0.000000 1.000000
0.852979 0.199073 0.482490 -0.000000 -0.254005 0.965882 0.050529 3.280200 -0.455970 -0.165655 0.874443 0.313300 0.000000 0.000000 0.000000 1.000000
0.850250 0.197423 0.487955 -0.000000 -0.253596 0.965961 0.051065 3.280200 -0.461264 -0.167161 0.871374 0.313300 0.000000 0.000000 0.000000 1.000000</float_array><technique_common><accessor source="#mixamorig_Head-Matrix-animation-output-transform-array" count="31" stride="16"><param type="float4x4"/></accessor></technique_common></source><source id="mixamorig_Head-Interpolations"><Name_array id="mixamorig_Head-Interpolations-array" count="31">
 LINEAR LINEAR LINEAR LINEAR LINEAR LINEAR LINEAR LINEAR LINEAR LINEAR LINEAR
LINEAR LINEAR LINEAR LINEAR LINEAR LINEAR LINEAR LINEAR LINEAR LINEAR LINEAR LINEAR
LINEAR LINEAR LINEAR LINEAR LINEAR LINEAR LINEAR LINEAR</Name_array><technique_common><accessor source="#mixamorig_Head-Interpolations-array" count="31"><param type="name"/></accessor></technique_common></source><sampler id="mixamorig_Head-Matrix-animation-transform"><input semantic="INPUT" source="#mixamorig_Head-Matrix-animation-input"/><input semantic="OUTPUT" source="#mixamorig_Head-Matrix-animation-output-transform"/><input semantic="INTERPOLATION" source="#mixamorig_Head-Interpolations"/></sampler><channel source="#mixamorig_Head-Matrix-animation-transform" target="mixamorig_Head/matrix"/></animation>
    <animation id="mixamorig_LeftShoulder-anim" name="mixamorig_LeftShoulder"><source id="mixamorig_LeftShoulder-Matrix-animation-input"><float_array id="mixamorig_LeftShoulder-Matrix-animation-input-array" count="31">

0.000000 0.033333 0.066667 0.100000 0.133333 0.166667 0.200000 0.233333 0.266667 0.300000 0.333333 0.366667 0.400000 0.433333 0.466667 0.500000
