<?xml version="1.0" encoding="utf-8"?>
<COLLADA xmlns="http://www.collada.org/2005/11/COLLADASchema" version="1.4.1">
  <asset><contributor><author>Mixamo</author><authoring_tool>COLLADA Mixamo exporter</authoring_tool><comments></comments></contributor><created>2018-10-07T12:07:39Z</created><modified>2018-10-07T12:07:39Z</modified><revision></revision><title></title><unit meter="0.010000"/><up_axis>Y_UP</up_axis></asset>
  <library_animations>
    <animation id="mixamorig_Hips-anim" name="mixamorig_Hips"><source id="mixamorig_Hips-Matrix-animation-input"><float_array id="mixamorig_Hips-Matrix-animation-input-array" count="31">

0.000000 0.033333 0.066667 0.100000 0.133333 0.166667 0.200000 0.233333 0.266667 0.300000 0.333333 0.366667 0.400000 0.433333 0.466667 0.500000
0.533333 0.566667 0.600000 0.633333 0.666667 0.700000 0.733333 0.766667 0.800000 0.833333 0.866667 0.900000 0.933333 0.966667 1.000000</float_array><technique_common><accessor source="#mixamorig_Hips-Matrix-animation-input-array" count="31"><param name="TIME" type="float"/></accessor></technique_common></source><source id="mixamorig_Hips-Matrix-animation-output-transform"><float_array id="mixamorig_Hips-Matrix-animation-output-transform-array" count="496">

0.663206 -0.073140 -0.744855 -0.958348 0.069937 0.996915 -0.035620 90.700546 0.745162 -0.028470 0.666275 0.988134 0.000000 0.000000 0.000000 1.000000
0.680627 -0.073223 -0.728962 4.402633 0.065446 0.997092 -0.039050 91.321739 0.729701 -0.021129 0.683440 0.936460 0.000000 0.000000 0.000000 1.000000
0.697873 -0.075208 -0.712262 10.073153 0.063668 0.997049 -0.042897 91.343483 0.713386 -0.015412 0.700601 0.974296 0.000000 0.000000 0.000000 1.000000
0.714693 -0.079038 -0.694958 15.604576 0.064691 0.996805 -0.046839 90.510605 0.696440 -0.011483 0.717523 1.093442 0.000000 0.000000 0.000000 1.000000
0.730944 -0.083666 -0.677289 20.962240 0.067207 0.996457 -0.050562 89.322830 0.679120 -0.008561 0.733977 1.281937 0.000000 0.000000 0.000000 1.000000
0.746570 -0.087801 -0.659487 26.451704 0.069669 0.996121 -0.053750 87.411446 0.661649 -0.005817 0.749791 1.537145 0.000000 0.000000 0.000000 1.000000
0.761537 -0.090258 -0.641806 32.009636 0.070767 0.995915 -0.056088 85.140160 0.644246 -0.002705 0.764813 1.853860 0.000000 0.000000 0.000000 1.000000
0.775631 -0.090320 -0.624691 38.162228 0.069907 0.995913 -0.057194 83.183327 0.627304 0.000691 0.778775 2.227089 0.000000 0.000000 0.000000 1.000000
0.787472 -0.087026 -0.610176 45.521034 0.067508 0.996204 -0.054961 82.322586 0.612643 0.002088 0.790357 2.634770 0.000000 0.000000 0.000000 1.000000
0.782284 -0.080114 -0.617749 53.550217 0.060215 0.996777 -0.053015 83.090973 0.620005 0.004275 0.784586 3.054822 0.000000 0.000000 0.000000 1.000000
0.758365 -0.071507 -0.647896 61.796810 0.051359 0.997429 -0.049968 84.522263 0.649803 0.004618 0.760088 3.445419 0.000000 0.000000 0.000000 1.000000
0.734494 -0.063244 -0.675662 69.223892 0.044426 0.997993 -0.045121 85.639404 0.677160 0.003124 0.735829 3.812864 0.000000 0.000000 0.000000 1.000000
0.709789 -0.055435 -0.702230 76.109879 0.038821 0.998462 -0.039581 86.592438 0.703344 0.000833 0.710849 4.158740 0.000000 0.000000 0.000000 1.000000
0.684250 -0.048953 -0.727603 82.532837 0.036120 0.998795 -0.033231 87.608589 0.728353 -0.003543 0.685193 4.441745 0.000000 0.000000 0.000000 1.000000
0.657842 -0.043157 -0.751919 88.600502 0.035759 0.999021 -0.026055 88.850983 0.752307 -0.009748 0.658741 4.651447 0.000000 0.000000 0.000000 1.000000
0.630531 -0.036871 -0.775288 94.725792 0.035812 0.999189 -0.018394 89.884567 0.775338 -0.016167 0.631340 4.800614 0.000000 0.000000 0.000000 1.000000
0.602134 -0.028874 -0.797873 100.916428 0.034065 0.999365 -0.010458 90.443367 0.797668 -0.020882 0.602735 4.903144 0.000000 0.000000 0.000000 1.000000
0.572487 -0.019279 -0.819687 107.143829 0.030183 0.999541 -0.002428 90.660080 0.819358 -0.023350 0.572807 4.960958 0.000000 0.000000 0.000000 1.000000
0.541850 -0.009112 -0.840426 113.225845 0.025384 0.999662 0.005527 90.417709 0.840092 -0.024328 0.541898 4.944004 0.000000 0.000000 0.000000 1.000000
0.509310 0.001223 -0.860582 119.278160 0.019899 0.999715 0.013197 89.598915 0.860353 -0.023846 0.509141 4.814003 0.000000 0.000000 0.000000 1.000000
0.474532 0.011210 -0.880167 125.300629 0.014183 0.999692 0.020379 88.108627 0.880124 -0.022154 0.474226 4.573019 0.000000 0.000000 0.000000 1.000000
0.437189 0.020258 -0.899141 131.283295 0.008932 0.999599 0.026865 86.360764 0.899325 -0.019776 0.436833 4.231886 0.000000 0.000000 0.000000 1.000000
0.397044 0.027813 -0.917378 137.324585 0.004917 0.999462 0.032430 84.681160 0.917786 -0.017387 0.396694 3.817269 0.000000 0.000000 0.000000 1.000000
0.350068 0.031981 -0.936178 143.681152 0.004265 0.999352 0.035734 83.393684 0.936715 -0.016502 0.349704 3.344059 0.000000 0.000000 0.000000 1.000000
0.353709 0.029003 -0.934906 150.349335 0.007404 0.999401 0.033805 82.794075 0.935326 -0.018879 0.353283 2.883509 0.000000 0.000000 0.000000 1.000000
0.398429 0.015814 -0.917063 157.030365 0.015038 0.999604 0.023771 82.942986 0.917076 -0.023262 0.398033 2.443655 0.000000 0.000000 0.000000 1.000000
0.450334 -0.000357 -0.892860 164.477234 0.024046 0.999642 0.011729 83.933365 0.892536 -0.026752 0.450181 2.019380 0.000000 0.000000 0.000000 1.000000
0.506417 -0.019032 -0.862079 172.235886 0.035603 0.999365 -0.001149 85.424988 0.861554 -0.030111 0.506773 1.638236 0.000000 0.000000 0.000000 1.000000
0.562564 -0.038299 -0.825866 180.163620 0.047670 0.998767 -0.013845 87.158020 0.825378 -0.031580 0.563696 1.333788 0.000000 0.000000 0.000000 1.000000
0.615581 -0.056677 -0.786033 188.196442 0.059267 0.997915 -0.025539 89.024086 0.785842 -0.030864 0.617657 1.110049 0.000000 0.000000 0.000000 1.000000
0.663206 -0.073141 -0.744855 196.235855 0.069938 0.996915 -0.035620 90.700615 0.745162 -0.028471 0.666275 0.987118 0.000000 0.000000 0.000000 1.000000</float_array><technique_common><accessor source="#mixamorig_Hips-Matrix-animation-output-transform-array" count="31" stride="16"><param type="float4x4"/></accessor></technique_common></source><source id="mixamorig_Hips-Interpolations"><Name_array id="mixamorig_Hips-Interpolations-array" count="31">
 LINEAR LINEAR LINEAR LINEAR LINEAR LINEAR LINEAR LINEAR LINEAR LINEAR LINEAR
LINEAR LINEAR LINEAR LINEAR LINEAR LINEAR LINEAR LINEAR LINEAR LINEAR LINEAR LINEAR
LINEAR LINEAR LINEAR LINEAR LINEAR LINEAR LINEAR LINEAR</Name_array><technique_common><accessor source="#mixamorig_Hips-Interpolations-array" count="31"><param type="name"/></accessor></technique_common></source><sampler id="mixamorig_Hips-Matrix-animation-transform"><input semantic="INPUT" source="#mixamorig_Hips-Matrix-animation-input"/><input semantic="OUTPUT" source="#mixamorig_Hips-Matrix-animation-output-transform"/><input semantic="INTERPOLATION" source="#mixamorig_Hips-Interpolations"/></sampler><channel source="#mixamorig_Hips-Matrix-animation-transform" target="mixamorig_Hips/matrix"/></animation>
    <animation id="mixamorig_Spine-anim" name="mixamorig_Spine"><source id="mixamorig_Spine-Matrix-animation-input"><float_array id="mixamorig_Spine-Matrix-animation-input-array" count="31">

0.000000 0.033333 0.066667 0.100000 0.133333 0.166667 0.200000 0.233333 0.266667 0.300000 0.333333 0.366667 0.400000 0.433333 0.466667 0.500000
0.533333 0.566667 0.600000 0.633333 0.666667 0.700000 0.733333 0.766667 0.800000 0.833333 0.866667 0.900000 0.933333 0.966667 1.000000</float_array><technique_common><accessor source="#mixamorig_Spine-Matrix-animation-input-array" count="31"><param name="TIME" type="float"/></accessor></technique_common></source><source id="mixamorig_Spine-Matrix-animation-output-transform"><float_array id="mixamorig_Spine-Matrix-animation-output-transform-array" count="496">

0.996551 0.082956 0.001919 -0.038100 -0.082956 0.996553 0.000055 9.490500 -0.001908 -0.000214 0.999998 -1.392100 0.000000 0.000000 0.000000 1.000000
0.996792 0.079339 -0.010545 -0.038100 -0.079322 0.996847 0.001964 9.490500 0.010667 -0.001121 0.999942 -1.392100 0.000000 0.000000 0.000000 1.000000
0.996670 0.078071 -0.023517 -0.038100 -0.077991 0.996945 0.004291 9.490500 0.023780 -0.002442 0.999714 -1.392100 0.000000 0.000000 0.000000 1.000000
0.996140 0.079680 -0.036839 -0.038100 -0.079480 0.996813 0.006847 9.490500 0.037267 -0.003893 0.999298 -1.392100 0.000000 0.000000 0.000000 1.000000
0.995318 0.082908 -0.049685 -0.038100 -0.082536 0.996543 0.009506 9.490500 0.050302 -0.005360 0.998720 -1.392100 0.000000 0.000000 0.000000 1.000000
0.994306 0.086277 -0.062548 -0.038100 -0.085708 0.996251 0.011737 9.490500 0.063326 -0.006309 0.997973 -1.392100 0.000000 0.000000 0.000000 1.000000
0.993314 0.088293 -0.074377 -0.038100 -0.087549 0.996073 0.013208 9.490500 0.075251 -0.006608 0.997143 -1.392100 0.000000 0.000000 0.000000 1.000000
0.992192 0.091355 -0.084907 -0.038100 -0.090319 0.995785 0.015970 9.490500 0.086008 -0.008176 0.996261 -1.392100 0.000000 0.000000 0.000000 1.000000
0.991560 0.092943 -0.090392 -0.038100 -0.091729 0.995630 0.017499 9.490500 0.091623 -0.009060 0.995753 -1.392100 0.000000 0.000000 0.000000 1.000000
0.992714 0.087307 -0.083048 -0.038100 -0.086303 0.996147 0.015611 9.490500 0.084091 -0.008330 0.996423 -1.392100 0.000000 0.000000 0.000000 1.000000
0.994714 0.075463 -0.069635 -0.038100 -0.074823 0.997128 0.011754 9.490500 0.070322 -0.006481 0.997503 -1.392100 0.000000 0.000000 0.000000 1.000000
0.996003 0.070983 -0.054221 -0.038100 -0.070601 0.997465 0.008930 9.490500 0.054717 -0.005066 0.998489 -1.392100 0.000000 0.000000 0.000000 1.000000
0.996869 0.069161 -0.038321 -0.038100 -0.068989 0.997601 0.005793 9.490500 0.038630 -0.003131 0.999249 -1.392100 0.000000 0.000000 0.000000 1.000000
0.997100 0.073081 -0.021231 -0.038100 -0.073074 0.997326 0.001110 9.490500 0.021255 0.000445 0.999774 -1.392100 0.000000 0.000000 0.000000 1.000000
0.996676 0.081435 -0.002453 -0.038100 -0.081444 0.996671 -0.003620 9.490500 0.002150 0.003808 0.999990 -1.392100 0.000000 0.000000 0.000000 1.000000
0.995692 0.091072 0.017404 -0.038100 -0.090933 0.995820 -0.008582 9.490500 -0.018113 0.006963 0.999812 -1.392100 0.000000 0.000000 0.000000 1.000000
0.994461 0.097889 0.038284 -0.038100 -0.097436 0.995150 -0.013538 9.490500 -0.039424 0.009733 0.999175 -1.392100 0.000000 0.000000 0.000000 1.000000
0.992989 0.102136 0.059513 -0.038100 -0.101140 0.994681 -0.019519 9.490500 -0.061190 0.013363 0.998037 -1.392100 0.000000 0.000000 0.000000 1.000000
0.991358 0.104239 0.079640 -0.038100 -0.102498 0.994402 -0.025654 9.490500 -0.081869 0.017269 0.996494 -1.392100 0.000000 0.000000 0.000000 1.000000
0.989663 0.103507 0.099263 -0.038100 -0.100739 0.994382 -0.032509 9.490500 -0.102071 0.022174 0.994530 -1.392100 0.000000 0.000000 0.000000 1.000000
0.987882 0.098974 0.119555 -0.038100 -0.095017 0.994736 -0.038371 9.490500 -0.122723 0.026546 0.992086 -1.392100 0.000000 0.000000 0.000000 1.000000
0.985979 0.090013 0.140508 -0.038100 -0.084630 0.995448 -0.043836 9.490500 -0.143814 0.031330 0.989109 -1.392100 0.000000 0.000000 0.000000 1.000000
0.984351 0.076907 0.158554 -0.038100 -0.070235 0.996410 -0.047269 9.490500 -0.161620 0.035393 0.986218 -1.392100 0.000000 0.000000 0.000000 1.000000
0.983753 0.057225 0.170163 -0.038100 -0.049291 0.997507 -0.050491 9.490500 -0.172629 0.041284 0.984121 -1.392100 0.000000 0.000000 0.000000 1.000000
0.985108 0.055151 0.162853 -0.038100 -0.047778 0.997663 -0.048852 9.490500 -0.165167 0.040343 0.985440 -1.392100 0.000000 0.000000 0.000000 1.000000
0.988083 0.063206 0.140347 -0.038100 -0.057594 0.997383 -0.043696 9.490500 -0.142742 0.035092 0.989138 -1.392100 0.000000 0.000000 0.000000 1.000000
0.991174 0.069019 0.113184 -0.038100 -0.065259 0.997197 -0.036600 9.490500 -0.115393 0.028891 0.992900 -1.392100 0.000000 0.000000 0.000000 1.000000
0.993671 0.073745 0.084734 -0.038100 -0.071654 0.997051 -0.027460 9.490500 -0.086509 0.021215 0.996025 -1.392100 0.000000 0.000000 0.000000 1.000000
0.995492 0.077075 0.055266 -0.038100 -0.076183 0.996930 -0.018069 9.490500 -0.056489 0.013777 0.998308 -1.392100 0.000000 0.000000 0.000000 1.000000
0.996401 0.080394 0.026871 -0.038100 -0.080205 0.996746 -0.008033 9.490500 -0.027429 0.005849 0.999607 -1.392100 0.000000 0.000000 0.000000 1.000000
0.996545 0.083028 0.001865 -0.038100 -0.083028 0.996547 0.000013 9.490500 -0.001858 -0.000168 0.999998 -1.392100 0.000000 0.000000 0.000000 1.000000</float_array><technique_common><accessor source="#mixamorig_Spine-Matrix-animation-output-transform-array" count="31" stride="16"><param type="float4x4"/></accessor></technique_common></source><source id="mixamorig_Spine-Interpolations"><Name_array id="mixamorig_Spine-Interpolations-array" count="31">
 LINEAR LINEAR LINEAR LINEAR LINEAR LINEAR LINEAR LINEAR LINEAR LINEAR LINEAR
LINEAR LINEAR LINEAR LINEAR LINEAR LINEAR LINEAR LINEAR LINEAR LINEAR LINEAR LINEAR
LINEAR LINEAR LINEAR LINEAR LINEAR LINEAR LINEAR LINEAR</Name_array><technique_common><accessor source="#mixamorig_Spine-Interpolations-array" count="31"><param type="name"/></accessor></technique_common></source><sampler id="mixamorig_Spine-Matrix-animation-transform"><input semantic="INPUT" source="#mixamorig_Spine-Matrix-animation-input"/><input semantic="OUTPUT" source="#mixamorig_Spine-Matrix-animation-output-transform"/><input semantic="INTERPOLATION" source="#mixamorig_Spine-Interpolations"/></sampler><channel source="#mixamorig_Spine-Matrix-animation-transform" target="mixamorig_Spine/matrix"/></animation>
    <animation id="mixamorig_Spine1-anim" name="mixamorig_Spine1"><source id="mixamorig_Spine1-Matrix-animation-input"><float_array id="mixamorig_Spine1-Matrix-animation-input-array" count="31">

0.000000 0.033333 0.066667 0.100000 0.133333 0.166667 0.200000 0.233333 0.266667 0.300000 0.333333 0.366667 0.400000 0.433333 0.466667 0.500000
0.533333 0.566667 0.600000 0.633333 0.666667 0.700000 0.733333 0.766667 0.800000 0.833333 0.866667 0.900000 0.933333 0.966667 1.000000</float_array><technique_common><accessor source="#mixamorig_Spine1-Matrix-animation-input-array" count="31"><param name="TIME" type="float"/></accessor></technique_common></source><source id="mixamorig_Spine1-Matrix-animation-output-transform"><float_array id="mixamorig_Spine1-Matrix-animation-output-transform-array" count="496">

0.980597 -0.040782 0.191744 -0.044200 0.110465 0.922995 -0.368616 11.072300 -0.161946 0.382645 0.909591 -1.624100 0.000000 0.000000 0.000000 1.000000
0.980648 -0.040544 0.191537 -0.044200 0.110171 0.923003 -0.368685 11.072300 -0.161841 0.382652 0.909607 -1.624100 0.000000 0.000000 0.000000 1.000000
0.980650 -0.040675 0.191499 -0.044200 0.110427 0.922640 -0.369514 11.072300 -0.161654 0.383510 0.909279 -1.624100 0.000000 0.000000 0.000000 1.000000
0.980708 -0.040889 0.191156 -0.044200 0.110632 0.922297 -0.370308 11.072300 -0.161161 0.384312 0.909028 -1.624100 0.000000 0.000000 0.000000 1.000000
0.980610 -0.041035 0.191625 -0.044200 0.111151 0.921795 -0.371403 11.072300 -0.161398 0.385501 0.908482 -1.624100 0.000000 0.000000 0.000000 1.000000
0.980616 -0.041148 0.191569 -0.044200 0.111337 0.921541 -0.371977 11.072300 -0.161232 0.386095 0.908259 -1.624100 0.000000 0.000000 0.000000 1.000000
0.980488 -0.040099 0.192443 -0.044200 0.110592 0.921875 -0.371369 11.072300 -0.162517 0.385406 0.908323 -1.624100 0.000000 0.000000 0.000000 1.000000
0.980219 -0.040968 0.193627 -0.044200 0.112025 0.921381 -0.372167 11.072300 -0.163157 0.386496 0.907745 -1.624100 0.000000 0.000000 0.000000 1.000000
0.980677 -0.042343 0.190999 -0.044200 0.112410 0.921002 -0.372986 11.072300 -0.160117 0.387249 0.907965 -1.624100 0.000000 0.000000 0.000000 1.000000
0.980972 -0.041027 0.189764 -0.044200 0.110640 0.921309 -0.372757 11.072300 -0.159538 0.386660 0.908318 -1.624100 0.000000 0.000000 0.000000 1.000000
0.980354 -0.033829 0.194325 -0.044200 0.105583 0.922159 -0.372122 11.072300 -0.166610 0.385329 0.907614 -1.624100 0.000000 0.000000 0.000000 1.000000
0.980167 -0.030657 0.195786 -0.044200 0.103072 0.922680 -0.371534 11.072300 -0.169257 0.384346 0.907541 -1.624100 0.000000 0.000000 0.000000 1.000000
0.980297 -0.028275 0.195496 -0.044200 0.100620 0.923152 -0.371034 11.072300 -0.169981 0.383394 0.907808 -1.624100 0.000000 0.000000 0.000000 1.000000
0.980567 -0.028433 0.194113 -0.044200 0.099877 0.923972 -0.369189 11.072300 -0.168857 0.381402 0.908856 -1.624100 0.000000 0.000000 0.000000 1.000000
0.980909 -0.029811 0.192170 -0.044200 0.100088 0.924643 -0.367448 11.072300 -0.166735 0.379667 0.909974 -1.624100 0.000000 0.000000 0.000000 1.000000
0.981076 -0.032825 0.190819 -0.044200 0.102119 0.925031 -0.365908 11.072300 -0.164503 0.378470 0.910878 -1.624100 0.000000 0.000000 0.000000 1.000000
0.981068 -0.034981 0.190479 -0.044200 0.103902 0.925089 -0.365259 11.072300 -0.163433 0.378135 0.911210 -1.624100 0.000000 0.000000 0.000000 1.000000
0.980953 -0.037256 0.190641 -0.044200 0.105795 0.925570 -0.363493 11.072300 -0.162910 0.376738 0.911882 -1.624100 0.000000 0.000000 0.000000 1.000000
0.980822 -0.039634 0.190831 -0.044200 0.107826 0.925967 -0.361883 11.072300 -0.162361 0.375519 0.912482 -1.624100 0.000000 0.000000 0.000000 1.000000
0.980645 -0.041421 0.191361 -0.044200 0.109211 0.926917 -0.359023 11.072300 -0.162505 0.372973 0.913501 -1.624100 0.000000 0.000000 0.000000 1.000000
0.980445 -0.041566 0.192355 -0.044200 0.109491 0.927405 -0.357677 11.072300 -0.163524 0.371743 0.913820 -1.624100 0.000000 0.000000 0.000000 1.000000
0.980188 -0.039417 0.194107 -0.044200 0.107843 0.928209 -0.356087 11.072300 -0.166136 0.369966 0.914070 -1.624100 0.000000 0.000000 0.000000 1.000000
0.979416 -0.033977 0.198972 -0.044200 0.104505 0.928691 -0.355826 11.072300 -0.172694 0.369295 0.913125 -1.624100 0.000000 0.000000 0.000000 1.000000
0.977498 -0.021024 0.209895 -0.044200 0.096386 0.929592 -0.355766 11.072300 -0.187637 0.367991 0.910700 -1.624100 0.000000 0.000000 0.000000 1.000000
0.977503 -0.020175 0.209956 -0.044200 0.095770 0.929342 -0.356582 11.072300 -0.187927 0.368667 0.910367 -1.624100 0.000000 0.000000 0.000000 1.000000
0.979197 -0.026341 0.201197 -0.044200 0.098356 0.928884 -0.357072 11.072300 -0.177483 0.369433 0.912151 -1.624100 0.000000 0.000000 0.000000 1.000000
0.980504 -0.031139 0.194015 -0.044200 0.100389 0.928166 -0.358370 11.072300 -0.168919 0.370860 0.913197 -1.624100 0.000000 0.000000 0.000000 1.000000
0.980904 -0.034410 0.191423 -0.044200 0.102915 0.926973 -0.360734 11.072300 -0.165031 0.373546 0.912813 -1.624100 0.000000 0.000000 0.000000 1.000000
0.980796 -0.036310 0.191629 -0.044200 0.105231 0.925757 -0.363181 11.072300 -0.164215 0.376372 0.911799 -1.624100 0.000000 0.000000 0.000000 1.000000
0.980696 -0.038851 0.191639 -0.044200 0.108247 0.924056 -0.366610 11.072300 -0.162842 0.380278 0.910424 -1.624100 0.000000 0.000000 0.000000 1.000000
0.980622 -0.040939 0.191586 -0.044200 0.110523 0.923048 -0.368465 11.072300 -0.161758 0.382500 0.909686 -1.624100 0.000000 0.000000 0.000000 1.000000</float_array><technique_common><accessor source="#mixamorig_Spine1-Matrix-animation-output-transform-array" count="31" stride="16"><param type="float4x4"/></accessor></technique_common></source><source id="mixamorig_Spine1-Interpolations"><Name_array id="mixamorig_Spine1-Interpolations-array" count="31">
 LINEAR LINEAR LINEAR LINEAR LINEAR LINEAR LINEAR LINEAR LINEAR LINEAR LINEAR
LINEAR LINEAR LINEAR LINEAR LINEAR LINEAR LINEAR LINEAR LINEAR LINEAR LINEAR LINEAR
LINEAR LINEAR LINEAR LINEAR LINEAR LINEAR LINEAR LINEAR</Name_array><technique_common><accessor source="#mixamorig_Spine1-Interpolations-array" count="31"><param type="name"/></accessor></technique_common></source><sampler id="mixamorig_Spine1-Matrix-animation-transform"><input semantic="INPUT" source="#mixamorig_Spine1-Matrix-animation-input"/><input semantic="OUTPUT" source="#mixamorig_Spine1-Matrix-animation-output-transform"/><input semantic="INTERPOLATION" source="#mixamorig_Spine1-Interpolations"/></sampler><channel source="#mixamorig_Spine1-Matrix-animation-transform" target="mixamorig_Spine1/matrix"/></animation>
    <animation id="mixamorig_Spine2-anim" name="mixamorig_Spine2"><source id="mixamorig_Spine2-Matrix-animation-input"><float_array id="mixamorig_Spine2-Matrix-animation-input-array" count="31">

0.000000 0.033333 0.066667 0.100000 0.133333 0.166667 0.200000 0.233333 0.266667 0.300000 0.333333 0.366667 0.400000 0.433333 0.466667 0.500000
0.533333 0.566667 0.600000 0.633333 0.666667 0.700000 0.733333 0.766667 0.800000 0.833333 0.866667 0.900000 0.933333 0.966667 1.000000</float_array><technique_common><accessor source="#mixamorig_Spine2-Matrix-animation-input-array" count="31"><param name="TIME" type="float"/></accessor></technique_common></source><source id="mixamorig_Spine2-Matrix-animation-output-transform"><float_array id="mixamorig_Spine2-Matrix-animation-output-transform-array" count="496">

0.968132 -0.083085 0.236255 -0.050500 0.158894 0.932957 -0.323022 12.654000 -0.193578 0.350267 0.916428 -1.856100 0.000000 0.000000 0.000000 1.000000
0.968192 -0.082761 0.236126 -0.050500 0.158532 0.933022 -0.323013 12.654000 -0.193578 0.350172 0.916465 -1.856100 0.000000 0.000000 0.000000 1.000000
0.968133 -0.082897 0.236321 -0.050500 0.158893 0.932701 -0.323761 12.654000 -0.193578 0.350994 0.916150 -1.856100 0.000000 0.000000 0.000000 1.000000
0.968095 -0.083148 0.236388 -0.050500 0.159301 0.932400 -0.324427 12.654000 -0.193433 0.351733 0.915897 -1.856100 0.000000 0.000000 0.000000 1.000000
0.967901 -0.083446 0.237074 -0.050500 0.160040 0.931947 -0.325365 12.654000 -0.193790 0.352862 0.915387 -1.856100 0.000000 0.000000 0.000000 1.000000
0.967916 -0.083517 0.236987 -0.050500 0.160206 0.931704 -0.325979 12.654000 -0.193577 0.353487 0.915191 -1.856100 0.000000 0.000000 0.000000 1.000000
0.967983 -0.081761 0.237328 -0.050500 0.158630 0.931993 -0.325922 12.654000 -0.194540 0.353134 0.915123 -1.856100 0.000000 0.000000 0.000000 1.000000
0.967696 -0.081952 0.238428 -0.050500 0.159423 0.931529 -0.326860 12.654000 -0.195316 0.354312 0.914502 -1.856100 0.000000 0.000000 0.000000 1.000000
0.968069 -0.083968 0.236204 -0.050500 0.160618 0.931184 -0.327260 12.654000 -0.192470 0.354749 0.914936 -1.856100 0.000000 0.000000 0.000000 1.000000
0.968459 -0.083358 0.234817 -0.050500 0.159472 0.931453 -0.327055 12.654000 -0.191459 0.354186 0.915367 -1.856100 0.000000 0.000000 0.000000 1.000000
0.968578 -0.075150 0.237084 -0.050500 0.152709 0.932106 -0.328419 12.654000 -0.196307 0.354304 0.914293 -1.856100 0.000000 0.000000 0.000000 1.000000
0.968778 -0.071579 0.237370 -0.050500 0.149458 0.932502 -0.328789 12.654000 -0.197814 0.354001 0.914086 -1.856100 0.000000 0.000000 0.000000 1.000000
0.969240 -0.069254 0.236175 -0.050500 0.146811 0.932863 -0.328956 12.654000 -0.197537 0.353511 0.914335 -1.856100 0.000000 0.000000 0.000000 1.000000
0.969552 -0.069538 0.234806 -0.050500 0.146165 0.933639 -0.327039 12.654000 -0.196483 0.351402 0.915375 -1.856100 0.000000 0.000000 0.000000 1.000000
0.969742 -0.071433 0.233446 -0.050500 0.146992 0.934320 -0.324715 12.654000 -0.194917 0.349205 0.916550 -1.856100 0.000000 0.000000 0.000000 1.000000
0.969590 -0.074678 0.233063 -0.050500 0.149468 0.934763 -0.322300 12.654000 -0.193790 0.347334 0.917499 -1.856100 0.000000 0.000000 0.000000 1.000000
0.969293 -0.077049 0.233526 -0.050500 0.151633 0.934887 -0.320928 12.654000 -0.193593 0.346483 0.917862 -1.856100 0.000000 0.000000 0.000000 1.000000
0.968821 -0.079396 0.234698 -0.050500 0.153775 0.935426 -0.318327 12.654000 -0.194268 0.344492 0.918469 -1.856100 0.000000 0.000000 0.000000 1.000000
0.968356 -0.081797 0.235788 -0.050500 0.155975 0.935882 -0.315907 12.654000 -0.194829 0.342687 0.919025 -1.856100 0.000000 0.000000 0.000000 1.000000
0.967963 -0.083145 0.236926 -0.050500 0.156977 0.936835 -0.312569 12.654000 -0.195972 0.339747 0.919873 -1.856100 0.000000 0.000000 0.000000 1.000000
0.967679 -0.083097 0.238099 -0.050500 0.157029 0.937327 -0.311064 12.654000 -0.197328 0.338399 0.920080 -1.856100 0.000000 0.000000 0.000000 1.000000
0.967655 -0.080423 0.239115 -0.050500 0.154592 0.938047 -0.310110 12.654000 -0.199362 0.337045 0.920139 -1.856100 0.000000 0.000000 0.000000 1.000000
0.967560 -0.073380 0.241752 -0.050500 0.149093 0.938348 -0.311889 12.654000 -0.203961 0.337815 0.918848 -1.856100 0.000000 0.000000 0.000000 1.000000
0.967205 -0.056880 0.247546 -0.050500 0.136245 0.938710 -0.316639 12.654000 -0.214363 0.339981 0.915675 -1.856100 0.000000 0.000000 0.000000 1.000000
0.967370 -0.055883 0.247127 -0.050500 0.135412 0.938418 -0.317861 12.654000 -0.214146 0.340954 0.915365 -1.856100 0.000000 0.000000 0.000000 1.000000
0.968442 -0.064475 0.240754 -0.050500 0.141018 0.938223 -0.315994 12.654000 -0.205507 0.339973 0.917707 -1.856100 0.000000 0.000000 0.000000 1.000000
0.969270 -0.071325 0.235434 -0.050500 0.145631 0.937689 -0.315484 12.654000 -0.198262 0.340075 0.919261 -1.856100 0.000000 0.000000 0.000000 1.000000
0.969245 -0.075724 0.234156 -0.050500 0.149684 0.936645 -0.316686 12.654000 -0.195340 0.341996 0.919174 -1.856100 0.000000 0.000000 0.000000 1.000000
0.968866 -0.077856 0.235027 -0.050500 0.152466 0.935543 -0.318611 12.654000 -0.195072 0.344525 0.918286 -1.856100 0.000000 0.000000 0.000000 1.000000
0.968397 -0.080683 0.236004 -0.050500 0.156130 0.934003 -0.321343 12.654000 -0.194501 0.348035 0.917083 -1.856100 0.000000 0.000000 0.000000 1.000000
0.968052 -0.082909 0.236647 -0.050500 0.158795 0.933094 -0.322675 12.654000 -0.194061 0.349945 0.916449 -1.856100 0.000000 0.000000 0.000000 1.000000</float_array><technique_common><accessor source="#mixamorig_Spine2-Matrix-animation-output-transform-array" count="31" stride="16"><param type="float4x4"/></accessor></technique_common></source><source id="mixamorig_Spine2-Interpolations"><Name_array id="mixamorig_Spine2-Interpolations-array" count="31">
 LINEAR LINEAR LINEAR LINEAR LINEAR LINEAR LINEAR LINEAR LINEAR LINEAR LINEAR
LINEAR LINEAR LINEAR LINEAR LINEAR LINEAR LINEAR LINEAR LINEAR LINEAR LINEAR LINEAR
LINEAR LINEAR LINEAR LINEAR LINEAR LINEAR LINEAR LINEAR</Name_array><technique_common><accessor source="#mixamorig_Spine2-Interpolations-array" count="31"><param type="name"/></accessor></technique_common></source><sampler id="mixamorig_Spine2-Matrix-animation-transform"><input semantic="INPUT" source="#mixamorig_Spine2-Matrix-animation-input"/><input semantic="OUTPUT" source="#mixamorig_Spine2-Matrix-animation-output-transform"/><input semantic="INTERPOLATION" source="#mixamorig_Spine2-Interpolations"/></sampler><channel source="#mixamorig_Spine2-Matrix-animation-transform" target="mixamorig_Spine2/matrix"/></animation>
    <animation id="mixamorig_Neck-anim" name="mixamorig_Neck"><source id="mixamorig_Neck-Matrix-animation-input"><float_array id="mixamorig_Neck-Matrix-animation-input-array" count="31">

0.000000 0.033333 0.066667 0.100000 0.133333 0.166667 0.200000 0.233333 0.266667 0.300000 0.333333 0.366667 0.400000 0.433333 0.466667 0.500000
0.533333 0.566667 0.600000 0.633333 0.666667 0.700000 0.733333 0.766667 0.800000 0.833333 0.866667 0.900000 0.933333 0.966667 1.000000</float_array><technique_common><accessor source="#mixamorig_Neck-Matrix-animation-input-array" count="31"><param name="TIME" type="float"/></accessor></technique_common></source><source id="mixamorig_Neck-Matrix-animation-output-transform"><float_array id="mixamorig_Neck-Matrix-animation-output-transform-array" count="496">

0.999152 -0.038399 0.014892 -0.056900 0.035973 0.989712 0.138479 14.235800 -0.020056 -0.137825 0.990253 -2.088100 0.000000 0.000000 0.000000 1.000000
0.999227 -0.037475 0.011855 -0.056900 0.035478 0.989746 0.138361 14.235800 -0.016919 -0.137834 0.990311 -2.088100 0.000000 0.000000 0.000000 1.000000
0.999282 -0.036711 0.009337 -0.056900 0.035070 0.989774 0.138266 14.235800 -0.014317 -0.137839 0.990351 -2.088100 0.000000 0.000000 0.000000 1.000000
0.999322 -0.036093 0.007316 -0.056900 0.034737 0.989796 0.138190 14.235800 -0.012229 -0.137843 0.990379 -2.088100 0.000000 0.000000 0.000000 1.000000
0.999349 -0.035625 0.005765 -0.056900 0.034489 0.989813 0.138134 14.235800 -0.010628 -0.137846 0.990397 -2.088100 0.000000 0.000000 0.000000 1.000000
0.999365 -0.035341 0.004649 -0.056900 0.034361 0.989823 0.138095 14.235800 -0.009482 -0.137847 0.990408 -2.088100 0.000000 0.000000 0.000000 1.000000
0.999373 -0.035193 0.003961 -0.056900 0.034310 0.989828 0.138071 14.235800 -0.008780 -0.137848 0.990414 -2.088100 0.000000 0.000000 0.000000 1.000000
0.999376 -0.035123 0.003671 -0.056900 0.034280 0.989830 0.138060 14.235800 -0.008483 -0.137848 0.990417 -2.088100 0.000000 0.000000 0.000000 1.000000
0.999376 -0.035132 0.003751 -0.056900 0.034278 0.989830 0.138063 14.235800 -0.008564 -0.137848 0.990416 -2.088100 0.000000 0.000000 0.000000 1.000000
0.999371 -0.035224 0.004190 -0.056900 0.034309 0.989827 0.138078 14.235800 -0.009011 -0.137848 0.990412 -2.088100 0.000000 0.000000 0.000000 1.000000
0.999357 -0.035476 0.005247 -0.056900 0.034412 0.989818 0.138116 14.235800 -0.010094 -0.137846 0.990402 -2.088100 0.000000 0.000000 0.000000 1.000000
0.999325 -0.036046 0.007078 -0.056900 0.034723 0.989798 0.138182 14.235800 -0.011986 -0.137843 0.990381 -2.088100 0.000000 0.000000 0.000000 1.000000
0.999284 -0.036681 0.009226 -0.056900 0.035055 0.989775 0.138262 14.235800 -0.014204 -0.137839 0.990353 -2.088100 0.000000 0.000000 0.000000 1.000000
0.999229 -0.037465 0.011715 -0.056900 0.035487 0.989747 0.138356 14.235800 -0.016778 -0.137834 0.990313 -2.088100 0.000000 0.000000 0.000000 1.000000
0.999159 -0.038330 0.014567 -0.056900 0.035949 0.989714 0.138466 14.235800 -0.019724 -0.137826 0.990260 -2.088100 0.000000 0.000000 0.000000 1.000000
0.999075 -0.039238 0.017571 -0.056900 0.036431 0.989680 0.138585 14.235800 -0.022827 -0.137817 0.990195 -2.088100 0.000000 0.000000 0.000000 1.000000
0.998973 -0.040232 0.020827 -0.056900 0.036964 0.989642 0.138718 14.235800 -0.026193 -0.137806 0.990113 -2.088100 0.000000 0.000000 0.000000 1.000000
0.998853 -0.041277 0.024281 -0.056900 0.037519 0.989601 0.138862 14.235800 -0.029761 -0.137792 0.990014 -2.088100 0.000000 0.000000 0.000000 1.000000
0.998718 -0.042332 0.027761 -0.056900 0.038080 0.989558 0.139012 14.235800 -0.033355 -0.137776 0.989902 -2.088100 0.000000 0.000000 0.000000 1.000000
0.998576 -0.043345 0.031088 -0.056900 0.038619 0.989517 0.139159 14.235800 -0.036793 -0.137760 0.989782 -2.088100 0.000000 0.000000 0.000000 1.000000
0.998438 -0.044259 0.034103 -0.056900 0.039104 0.989479 0.139295 14.235800 -0.039910 -0.137743 0.989664 -2.088100 0.000000 0.000000 0.000000 1.000000
0.998314 -0.045017 0.036628 -0.056900 0.039502 0.989446 0.139411 14.235800 -0.042517 -0.137729 0.989557 -2.088100 0.000000 0.000000 0.000000 1.000000
0.998219 -0.045585 0.038491 -0.056900 0.039804 0.989422 0.139497 14.235800 -0.044443 -0.137717 0.989474 -2.088100 0.000000 0.000000 0.000000 1.000000
0.998164 -0.045896 0.039528 -0.056900 0.039967 0.989409 0.139546 14.235800 -0.045514 -0.137710 0.989426 -2.088100 0.000000 0.000000 0.000000 1.000000
0.998170 -0.045872 0.039413 -0.056900 0.039960 0.989410 0.139542 14.235800 -0.045397 -0.137711 0.989432 -2.088100 0.000000 0.000000 0.000000 1.000000
0.998283 -0.045207 0.037238 -0.056900 0.039605 0.989438 0.139439 14.235800 -0.043148 -0.137725 0.989530 -2.088100 0.000000 0.000000 0.000000 1.000000
0.998470 -0.044050 0.033420 -0.056900 0.038992 0.989487 0.139264 14.235800 -0.039203 -0.137747 0.989691 -2.088100 0.000000 0.000000 0.000000 1.000000
0.998683 -0.042594 0.028614 -0.056900 0.038220 0.989548 0.139049 14.235800 -0.034238 -0.137772 0.989872 -2.088100 0.000000 0.000000 0.000000 1.000000
0.998882 -0.041037 0.023485 -0.056900 0.037392 0.989610 0.138829 14.235800 -0.028938 -0.137795 0.990038 -2.088100 0.000000 0.000000 0.000000 1.000000
0.999041 -0.039584 0.018687 -0.056900 0.036619 0.989667 0.138631 14.235800 -0.023982 -0.137813 0.990168 -2.088100 0.000000 0.000000 0.000000 1.000000
0.999151 -0.038427 0.014883 -0.056900 0.036001 0.989711 0.138479 14.235800 -0.020051 -0.137826 0.990254 -2.088100 0.000000 0.000000 0.000000 1.000000</float_array><technique_common><accessor source="#mixamorig_Neck-Matrix-animation-output-transform-array" count="31" stride="16"><param type="float4x4"/></accessor></technique_common></source><source id="mixamorig_Neck-Interpolations"><Name_array id="mixamorig_Neck-Interpolations-array" count="31">
 LINEAR LINEAR LINEAR LINEAR LINEAR LINEAR LINEAR LINEAR LINEAR LINEAR LINEAR
LINEAR LINEAR LINEAR LINEAR LINEAR LINEAR LINEAR LINEAR LINEAR LINEAR LINEAR LINEAR
LINEAR LINEAR LINEAR LINEAR LINEAR LINEAR LINEAR LINEAR</Name_array><technique_common><accessor source="#mixamorig_Neck-Interpolations-array" count="31"><param type="name"/></accessor></technique_common></source><sampler id="mixamorig_Neck-Matrix-animation-transform"><input semantic="INPUT" source="#mixamorig_Neck-Matrix-animation-input"/><input semantic="OUTPUT" source="#mixamorig_Neck-Matrix-animation-output-transform"/><input semantic="INTERPOLATION" source="#mixamorig_Neck-Interpolations"/></sampler><channel source="#mixamorig_Neck-Matrix-animation-transform" target="mixamorig_Neck/matrix"/></animation>
    <animation id="mixamorig_Head-anim" name="mixamorig_Head"><source id="mixamorig_Head-Matrix-animation-input"><float_array id="mixamorig_Head-Matrix-animation-input-array" count="31">

0.000000 0.033333 0.066667 0.100000 0.133333 0.166667 0.200000 0.233333 0.266667 0.300000 0.333333 0.366667 0.400000 0.433333 0.466667 0.500000
0.533333 0.566667 0.600000 0.633333 0.666667 0.700000 0.733333 0.766667 0.800000 0.833333 0.866667 0.900000 0.933333 0.966667 1.000000</float_array><technique_common><accessor source="#mixamorig_Head-Matrix-animation-input-array" count="31"><param name="TIME" type="float"/></accessor></technique_common></source><source id="mixamorig_Head-Matrix-animation-output-transform"><float_array id="mixamorig_Head-Matrix-animation-output-transform-array" count="496">

0.908073 0.161053 0.386608 -0.000000 -0.230648 0.962817 0.140661 3.280200 -0.349579 -0.216901 0.911454 0.313300 0.000000 0.000000 0.000000 1.000000
0.910153 0.162808 0.380940 -0.000000 -0.230864 0.962850 0.140079 3.280200 -0.343982 -0.215438 0.913927 0.313300 0.000000 0.000000 0.000000 1.000000
0.911849 0.164262 0.376230 0.000000 -0.231047 0.962878 0.139584 3.280200 -0.339335 -0.214206 0.915952 0.313300 0.000000 0.000000 0.000000 1.000000
0.913191 0.165442 0.372441 0.000000 -0.231211 0.962897 0.139181 3.280200 -0.335595 -0.213211 0.917560 0.313300 0.000000 0.000000 0.000000 1.000000
0.914212 0.166323 0.369530 0.000000 -0.231320 0.962914 0.138882 3.280200 -0.332726 -0.212447 0.918781 0.313300 0.000000 0.000000 0.000000 1.000000
0.914943 0.166921 0.367447 -0.000000 -0.231377 0.962926 0.138699 3.280200 -0.330673 -0.211921 0.919644 0.313300 0.000000 0.000000 0.000000 1.000000
0.915397 0.167257 0.366160 0.000000 -0.231379 0.962942 0.138588 3.280200 -0.329411 -0.211585 0.920174 0.313300 0.000000 0.000000 0.000000 1.000000
0.915589 0.167394 0.365617 0.000000 -0.231385 0.962943 0.138569 3.280200 -0.328873 -0.211470 0.920393 0.313300 0.000000 0.000000 0.000000 1.000000
0.915535 0.167372 0.365762 0.000000 -0.231386 0.962948 0.138537 3.280200 -0.329022 -0.211467 0.920340 0.313300 0.000000 0.000000 0.000000 1.000000
0.915247 0.167143 0.366588 0.000000 -0.231375 0.962938 0.138621 3.280200 -0.329832 -0.211692 0.919999 0.313300 0.000000 0.000000 0.000000 1.000000
0.914559 0.166576 0.368558 0.000000 -0.231325 0.962923 0.138813 3.280200 -0.331770 -0.212209 0.919182 0.313300 0.000000 0.000000 0.000000 1.000000
0.913347 0.165555 0.372007 -0.000000 -0.231216 0.962899 0.139156 3.280200 -0.335168 -0.213111 0.917740 0.313300 0.000000 0.000000 0.000000 1.000000
0.911928 0.164304 0.376022 0.000000 -0.231040 0.962880 0.139584 3.280200 -0.339129 -0.214166 0.916037 0.313300 0.000000 0.000000 0.000000 1.000000
0.910242 0.162884 0.380695 -0.000000 -0.230873 0.962851 0.140053 3.280200 -0.343740 -0.215375 0.914033 0.313300 0.000000 0.000000 0.000000 1.000000
0.908311 0.161133 0.386015 0.000000 -0.230582 0.962833 0.140659 3.280200 -0.349003 -0.216771 0.911706 0.313300 0.000000 0.000000 0.000000 1.000000
0.906255 0.159216 0.391602 0.000000 -0.230217 0.962824 0.141314 3.280200 -0.354545 -0.218220 0.909218 0.313300 0.000000 0.000000 0.000000 1.000000
0.903981 0.157149 0.397647 0.000000 -0.229853 0.962806 0.142032 3.280200 -0.360537 -0.219795 0.906479 0.313300 0.000000 0.000000 0.000000 1.000000
0.901531 0.154931 0.404027 0.000000 -0.229458 0.962785 0.142809 3.280200 -0.366866 -0.221454 0.903531 0.313300 0.000000 0.000000 0.000000 1.000000
0.899017 0.152685 0.410434 -0.000000 -0.229066 0.962762 0.143591 3.280200 -0.373226 -0.223107 0.900514 0.313300 0.000000 0.000000 0.000000 1.000000
0.896564 0.150537 0.416547 0.000000 -0.228703 0.962738 0.144328 3.280200 -0.379299 -0.224665 0.897585 0.313300 0.000000 0.000000 0.000000 1.000000
0.894312 0.148548 0.422067 0.000000 -0.228356 0.962715 0.145030 3.280200 -0.384786 -0.226084 0.894889 0.313300 0.000000 0.000000 0.000000 1.000000
0.892395 0.146914 0.426670 0.000000 -0.228107 0.962685 0.145616 3.280200 -0.389356 -0.227274 0.892608 0.313300 0.000000 0.000000 0.000000 1.000000
0.890952 0.145747 0.430072 0.000000 -0.227963 0.962658 0.146022 3.280200 -0.392730 -0.228139 0.890907 0.313300 0.000000 0.000000 0.000000 1.000000
0.890145 0.145099 0.431958 -0.000000 -0.227883 0.962643 0.146244 3.280200 -0.394602 -0.228614 0.889958 0.313300 0.000000 0.000000 0.000000 1.000000
0.890235 0.145168 0.431749 -0.000000 -0.227887 0.962647 0.146213 3.280200 -0.394396 -0.228553 0.890064 0.313300 0.000000 0.000000 0.000000 1.000000
0.891920 0.146533 0.427792 0.000000 -0.228059 0.962678 0.145740 3.280200 -0.390471 -0.227550 0.892050 0.313300 0.000000 0.000000 0.000000 1.000000
0.894823 0.149000 0.420822 0.000000 -0.228437 0.962719 0.144872 3.280200 -0.383548 -0.225766 0.895500 0.313300 0.000000 0.000000 0.000000 1.000000
0.898388 0.152126 0.412016 0.000000 -0.228966 0.962757 0.143780 3.280200 -0.374799 -0.223508 0.899761 0.313300 0.000000 0.000000 0.000000 1.000000
0.902100 0.155434 0.402561 0.000000 -0.229538 0.962793 0.142626 3.280200 -0.365414 -0.221066 0.904214 0.313300 0.000000 0.000000 0.000000 1.000000
0.905477 0.158505 0.393684 -0.000000 -0.230092 0.962817 0.141566 3.280200 -0.356607 -0.218768 0.908280 0.313300 0.000000 0.000000 0.000000 1.000000
0.908096 0.160921 0.386610 0.000000 -0.230540 0.962831 0.140744 3.280200 -0.349591 -0.216937 0.911441 0.313300 0.000000 0.000000 0.000000 1.000000</float_array><technique_common><accessor source="#mixamorig_Head-Matrix-animation-output-transform-array" count="31" stride="16"><param type="float4x4"/></accessor></technique_common></source><source id="mixamorig_Head-Interpolations"><Name_array id="mixamorig_Head-Interpolations-array" count="31">
 LINEAR LINEAR LINEAR LINEAR LINEAR LINEAR LINEAR LINEAR LINEAR LINEAR LINEAR
LINEAR LINEAR LINEAR LINEAR LINEAR LINEAR LINEAR LINEAR LINEAR LINEAR LINEAR LINEAR
LINEAR LINEAR LINEAR LINEAR LINEAR LINEAR LINEAR LINEAR</Name_array><technique_common><accessor source="#mixamorig_Head-Interpolations-array" count="31"><param type="name"/></accessor></technique_common></source><sampler id="mixamorig_Head-Matrix-animation-transform"><input semantic="INPUT" source="#mixamorig_Head-Matrix-animation-input"/><input semantic="OUTPUT" source="#mixamorig_Head-Matrix-animation-output-transform"/><input semantic="INTERPOLATION" source="#mixamorig_Head-Interpolations"/></sampler><channel source="#mixamorig_Head-Matrix-animation-transform" target="mixamorig_Head/matrix"/></animation>
    <animation id="mixamorig_LeftShoulder-anim" name="mixamorig_LeftShoulder"><source id="mixamorig_LeftShoulder-Matrix-animation-input"><float_array id="mixamorig_LeftShoulder-Matrix-animation-input-array" count="31">

0.000000 0.033333 0.066667 0.100000 0.133333 0.166667 0.200000 0.233333 0.266667 0.300000 0.333333 0.366667 0.400000 0.433333 0.466667 0.500000
