<?xml version="1.0" encoding="utf-8"?>
<COLLADA xmlns="http://www.collada.org/2005/11/COLLADASchema" version="1.4.1">
  <asset><contributor><author>Mixamo</author><authoring_tool>COLLADA Mixamo exporter</authoring_tool><comments></comments></contributor><created>2018-10-06T11:17:40Z</created><modified>2018-10-06T11:17:40Z</modified><revision></revision><title></title><unit meter="0.010000"/><up_axis>Y_UP</up_axis></asset>
  <library_animations>
    <animation id="Hips-anim" name="Hips"><source id="Hips-Matrix-animation-input"><float_array id="Hips-Matrix-animation-input-array" count="76">

0.000000 0.033333 0.066667 0.100000 0.133333 0.166667 0.200000 0.233333 0.266667 0.300000 0.333333 0.366667 0.400000 0.433333 0.466667 0.500000
0.533333 0.566667 0.600000 0.633333 0.666667 0.700000 0.733333 0.766667 0.800000 0.833333 0.866667 0.900000 0.933333 0.966667 1.000000 1.033333
1.066667 1.100000 1.133333 1.166667 1.200000 1.233333 1.266667 1.300000 1.333333 1.366667 1.400000 1.433333 1.466667 1.500000 1.533333 1.566667
1.600000 1.633333 1.666667 1.700000 1.733333 1.766667 1.800000 1.833333 1.866667 1.900000 1.933333 1.966667 2.000000 2.033333 2.066667 2.100000
2.133333 2.166667 2.200000 2.233333 2.266667 2.300000 2.333333 2.366667 2.400000 2.433333 2.466667 2.500000</float_array><technique_common><accessor source="#Hips-Matrix-animation-input-array" count="76"><param name="TIME" type="float"/></accessor></technique_common></source><source id="Hips-Matrix-animation-output-transform"><float_array id="Hips-Matrix-animation-output-transform-array" count="1216">

0.992178 -0.020769 0.123088 -0.940495 0.098415 0.736733 -0.668984 49.094471 -0.076789 0.675865 0.733015 -0.765732 0.000000 0.000000 0.000000 1.000000
0.992150 -0.021170 0.123251 -0.937071 0.098822 0.736696 -0.668964 49.073334 -0.076636 0.675893 0.733005 -0.773957 0.000000 0.000000 0.000000 1.000000
0.992187 -0.021003 0.122979 -0.931365 0.098486 0.736967 -0.668716 49.057606 -0.076586 0.675603 0.733277 -0.783931 0.000000 0.000000 0.000000 1.000000
0.992228 -0.020831 0.122680 -0.926162 0.098102 0.737474 -0.668213 49.047852 -0.076554 0.675055 0.733785 -0.795025 0.000000 0.000000 0.000000 1.000000
0.992249 -0.020680 0.122535 -0.922796 0.097845 0.737890 -0.667791 49.044949 -0.076607 0.674604 0.734194 -0.807144 0.000000 0.000000 0.000000 1.000000
0.992271 -0.020428 0.122398 -0.920707 0.097555 0.738008 -0.667703 49.047142 -0.076691 0.674483 0.734297 -0.818500 0.000000 0.000000 0.000000 1.000000
0.992292 -0.020232 0.122257 -0.913739 0.097315 0.738026 -0.667718 49.047123 -0.076720 0.674469 0.734306 -0.827931 0.000000 0.000000 0.000000 1.000000
0.992306 -0.020232 0.122149 -0.902247 0.097213 0.738280 -0.667452 49.040840 -0.076676 0.674190 0.734566 -0.832868 0.000000 0.000000 0.000000 1.000000
0.992319 -0.020245 0.122037 -0.892452 0.097092 0.738768 -0.666929 49.031876 -0.076655 0.673655 0.735059 -0.834157 0.000000 0.000000 0.000000 1.000000
0.992338 -0.020120 0.121907 -0.885867 0.096858 0.739252 -0.666427 49.021839 -0.076711 0.673128 0.735536 -0.838607 0.000000 0.000000 0.000000 1.000000
0.992346 -0.019891 0.121875 -0.881599 0.096626 0.739626 -0.666046 49.009762 -0.076894 0.672724 0.735887 -0.848888 0.000000 0.000000 0.000000 1.000000
0.992332 -0.019609 0.122039 -0.878819 0.096491 0.739954 -0.665701 48.998592 -0.077250 0.672371 0.736172 -0.863105 0.000000 0.000000 0.000000 1.000000
0.992301 -0.019269 0.122344 -0.876422 0.096409 0.740273 -0.665358 48.989929 -0.077747 0.672030 0.736431 -0.883376 0.000000 0.000000 0.000000 1.000000
0.992268 -0.018772 0.122688 -0.873874 0.096243 0.740544 -0.665081 48.982334 -0.078371 0.671746 0.736624 -0.911298 0.000000 0.000000 0.000000 1.000000
0.992258 -0.018121 0.122868 -0.872974 0.095861 0.740754 -0.664901 48.976578 -0.078966 0.671532 0.736756 -0.940710 0.000000 0.000000 0.000000 1.000000
0.992273 -0.017589 0.122821 -0.874626 0.095414 0.740959 -0.664738 48.970078 -0.079313 0.671320 0.736912 -0.965734 0.000000 0.000000 0.000000 1.000000
0.992290 -0.017328 0.122718 -0.874274 0.095120 0.741235 -0.664471 48.959820 -0.079449 0.671021 0.737169 -0.986082 0.000000 0.000000 0.000000 1.000000
0.992308 -0.017091 0.122610 -0.869699 0.094833 0.741581 -0.664127 48.948788 -0.079575 0.670646 0.737497 -1.003206 0.000000 0.000000 0.000000 1.000000
0.992341 -0.016777 0.122386 -0.864975 0.094410 0.741931 -0.663796 48.939777 -0.079665 0.670266 0.737832 -1.018821 0.000000 0.000000 0.000000 1.000000
0.992381 -0.016550 0.122087 -0.860184 0.094004 0.742258 -0.663488 48.930977 -0.079639 0.669910 0.738159 -1.035348 0.000000 0.000000 0.000000 1.000000
0.992411 -0.016329 0.121877 -0.851774 0.093664 0.742568 -0.663189 48.921185 -0.079672 0.669572 0.738462 -1.052112 0.000000 0.000000 0.000000 1.000000
0.992439 -0.016055 0.121688 -0.842862 0.093306 0.742819 -0.662958 48.914387 -0.079748 0.669300 0.738700 -1.068081 0.000000 0.000000 0.000000 1.000000
0.992476 -0.015769 0.121419 -0.837145 0.092887 0.743059 -0.662749 48.910835 -0.079770 0.669040 0.738933 -1.084178 0.000000 0.000000 0.000000 1.000000
0.992515 -0.015439 0.121139 -0.834220 0.092421 0.743352 -0.662485 48.906845 -0.079821 0.668723 0.739215 -1.100567 0.000000 0.000000 0.000000 1.000000
0.992540 -0.015238 0.120965 -0.830096 0.092122 0.743640 -0.662203 48.902294 -0.079864 0.668406 0.739496 -1.115417 0.000000 0.000000 0.000000 1.000000
0.992538 -0.015242 0.120982 -0.821167 0.092115 0.743819 -0.662003 48.897003 -0.079899 0.668207 0.739673 -1.127290 0.000000 0.000000 0.000000 1.000000
0.992531 -0.015264 0.121033 -0.809405 0.092149 0.743961 -0.661838 48.890144 -0.079941 0.668048 0.739811 -1.134210 0.000000 0.000000 0.000000 1.000000
0.992546 -0.015237 0.120916 -0.797394 0.092026 0.744172 -0.661619 48.883240 -0.079901 0.667814 0.740027 -1.137362 0.000000 0.000000 0.000000 1.000000
0.992578 -0.015091 0.120671 -0.787210 0.091719 0.744465 -0.661332 48.877712 -0.079855 0.667491 0.740323 -1.139487 0.000000 0.000000 0.000000 1.000000
0.992628 -0.014727 0.120306 -0.780284 0.091171 0.744767 -0.661067 48.873112 -0.079864 0.667162 0.740619 -1.142041 0.000000 0.000000 0.000000 1.000000
0.992683 -0.014280 0.119898 -0.775974 0.090548 0.744940 -0.660959 48.867786 -0.079879 0.666979 0.740782 -1.148802 0.000000 0.000000 0.000000 1.000000
0.992722 -0.013791 0.119639 -0.773069 0.089999 0.745059 -0.660899 48.861664 -0.080024 0.666856 0.740878 -1.158826 0.000000 0.000000 0.000000 1.000000
0.992748 -0.013205 0.119488 -0.770235 0.089444 0.745244 -0.660766 48.854614 -0.080322 0.666661 0.741020 -1.169769 0.000000 0.000000 0.000000 1.000000
0.992785 -0.012743 0.119229 -0.764459 0.088909 0.745410 -0.660651 48.845657 -0.080456 0.666484 0.741165 -1.185026 0.000000 0.000000 0.000000 1.000000
0.992842 -0.012481 0.118781 -0.761467 0.088403 0.745519 -0.660595 48.836517 -0.080309 0.666367 0.741286 -1.202000 0.000000 0.000000 0.000000 1.000000
0.992904 -0.012255 0.118286 -0.768437 0.087899 0.745590 -0.660583 48.830994 -0.080098 0.666293 0.741376 -1.208590 0.000000 0.000000 0.000000 1.000000
0.992950 -0.012143 0.117913 -0.779039 0.087568 0.745588 -0.660628 48.829388 -0.079892 0.666296 0.741395 -1.201826 0.000000 0.000000 0.000000 1.000000
0.992980 -0.012208 0.117648 -0.787866 0.087446 0.745531 -0.660709 48.829643 -0.079644 0.666359 0.741366 -1.191253 0.000000 0.000000 0.000000 1.000000
0.993004 -0.012386 0.117433 -0.795928 0.087448 0.745428 -0.660825 48.831207 -0.079353 0.666471 0.741296 -1.181570 0.000000 0.000000 0.000000 1.000000
0.993019 -0.012654 0.117270 -0.804188 0.087556 0.745271 -0.660988 48.834320 -0.079034 0.666642 0.741176 -1.171456 0.000000 0.000000 0.000000 1.000000
0.993026 -0.013030 0.117175 -0.812277 0.087795 0.745065 -0.661188 48.838902 -0.078688 0.666864 0.741013 -1.160392 0.000000 0.000000 0.000000 1.000000
0.993024 -0.013506 0.117137 -0.820088 0.088150 0.744824 -0.661413 48.844673 -0.078313 0.667124 0.740818 -1.148893 0.000000 0.000000 0.000000 1.000000
0.993015 -0.014065 0.117145 -0.827816 0.088602 0.744550 -0.661661 48.851540 -0.077914 0.667419 0.740595 -1.137139 0.000000 0.000000 0.000000 1.000000
0.993000 -0.014698 0.117195 -0.835520 0.089138 0.744247 -0.661929 48.859344 -0.077493 0.667743 0.740348 -1.125093 0.000000 0.000000 0.000000 1.000000
0.992979 -0.015400 0.117282 -0.843204 0.089752 0.743921 -0.662213 48.867985 -0.077051 0.668090 0.740080 -1.112842 0.000000 0.000000 0.000000 1.000000
0.992953 -0.016161 0.117401 -0.850916 0.090433 0.743577 -0.662507 48.877319 -0.076590 0.668455 0.739798 -1.100507 0.000000 0.000000 0.000000 1.000000
0.992922 -0.016973 0.117546 -0.858735 0.091170 0.743218 -0.662808 48.887199 -0.076112 0.668834 0.739505 -1.088167 0.000000 0.000000 0.000000 1.000000
0.992888 -0.017826 0.117711 -0.866711 0.091951 0.742851 -0.663112 48.897484 -0.075621 0.669219 0.739207 -1.075925 0.000000 0.000000 0.000000 1.000000
0.992850 -0.018713 0.117890 -0.874864 0.092767 0.742480 -0.663414 48.908085 -0.075117 0.669607 0.738907 -1.063851 0.000000 0.000000 0.000000 1.000000
0.992810 -0.019624 0.118079 -0.883252 0.093606 0.742110 -0.663710 48.918804 -0.074602 0.669991 0.738611 -1.052047 0.000000 0.000000 0.000000 1.000000
0.992769 -0.020550 0.118271 -0.891905 0.094457 0.741746 -0.663996 48.929478 -0.074081 0.670366 0.738323 -1.040619 0.000000 0.000000 0.000000 1.000000
0.992726 -0.021484 0.118462 -0.900883 0.095312 0.741392 -0.664269 48.940041 -0.073556 0.670728 0.738047 -1.029618 0.000000 0.000000 0.000000 1.000000
0.992684 -0.022422 0.118644 -0.910277 0.096162 0.741054 -0.664524 48.950397 -0.073022 0.671071 0.737788 -1.019095 0.000000 0.000000 0.000000 1.000000
0.992642 -0.023350 0.118810 -0.920203 0.096989 0.740738 -0.664755 48.960342 -0.072485 0.671388 0.737553 -1.009313 0.000000 0.000000 0.000000 1.000000
0.992602 -0.024241 0.118968 -0.930523 0.097782 0.740448 -0.664963 48.969711 -0.071970 0.671677 0.737340 -1.000324 0.000000 0.000000 0.000000 1.000000
0.992563 -0.025127 0.119107 -0.940992 0.098555 0.740184 -0.665143 48.978512 -0.071448 0.671935 0.737156 -0.991609 0.000000 0.000000 0.000000 1.000000
0.992532 -0.026041 0.119170 -0.952785 0.099292 0.739965 -0.665276 48.986576 -0.070857 0.672141 0.737025 -0.983972 0.000000 0.000000 0.000000 1.000000
0.992507 -0.026740 0.119225 -0.966379 0.099859 0.739810 -0.665364 48.992992 -0.070412 0.672285 0.736937 -0.980544 0.000000 0.000000 0.000000 1.000000
0.992457 -0.026965 0.119591 -0.976478 0.100281 0.739699 -0.665424 48.997128 -0.070518 0.672397 0.736824 -0.979933 0.000000 0.000000 0.000000 1.000000
0.992363 -0.027061 0.120349 -0.978483 0.100866 0.739645 -0.665396 48.998650 -0.071010 0.672453 0.736725 -0.974456 0.000000 0.000000 0.000000 1.000000
0.992254 -0.027315 0.121187 -0.976039 0.101620 0.739590 -0.665342 48.995239 -0.071455 0.672504 0.736636 -0.965269 0.000000 0.000000 0.000000 1.000000
0.992177 -0.027424 0.121793 -0.976640 0.102132 0.739348 -0.665533 48.987320 -0.071796 0.672765 0.736364 -0.960688 0.000000 0.000000 0.000000 1.000000
0.992149 -0.027104 0.122090 -0.984529 0.102130 0.739032 -0.665883 48.981182 -0.072181 0.673124 0.735998 -0.955734 0.000000 0.000000 0.000000 1.000000
0.992138 -0.026509 0.122311 -0.994689 0.101866 0.738805 -0.666176 48.981876 -0.072705 0.673398 0.735697 -0.942535 0.000000 0.000000 0.000000 1.000000
0.992117 -0.025847 0.122618 -1.003578 0.101615 0.738551 -0.666496 48.989323 -0.073333 0.673702 0.735356 -0.924160 0.000000 0.000000 0.000000 1.000000
0.992096 -0.025175 0.122926 -1.011938 0.101362 0.738251 -0.666867 49.000179 -0.073962 0.674057 0.734968 -0.905786 0.000000 0.000000 0.000000 1.000000
0.992097 -0.024496 0.123056 -1.019750 0.100978 0.738009 -0.667193 49.010895 -0.074473 0.674347 0.734650 -0.889081 0.000000 0.000000 0.000000 1.000000
0.992118 -0.023770 0.123034 -1.026628 0.100454 0.737812 -0.667490 49.019772 -0.074909 0.674588 0.734384 -0.872733 0.000000 0.000000 0.000000 1.000000
0.992133 -0.023068 0.123045 -1.031200 0.099978 0.737536 -0.667866 49.026566 -0.075344 0.674914 0.734040 -0.856831 0.000000 0.000000 0.000000 1.000000
0.992121 -0.022586 0.123229 -1.029251 0.099795 0.737123 -0.668349 49.031094 -0.075740 0.675381 0.733569 -0.843662 0.000000 0.000000 0.000000 1.000000
0.992082 -0.022334 0.123590 -1.018409 0.099901 0.736706 -0.668793 49.033871 -0.076113 0.675844 0.733104 -0.833513 0.000000 0.000000 0.000000 1.000000
0.992059 -0.022088 0.123822 -1.004849 0.099896 0.736545 -0.668971 49.037621 -0.076424 0.676028 0.732902 -0.821309 0.000000 0.000000 0.000000 1.000000
0.992071 -0.021626 0.123805 -0.992177 0.099534 0.736650 -0.668909 49.046249 -0.076736 0.675928 0.732962 -0.806453 0.000000 0.000000 0.000000 1.000000
0.992096 -0.021112 0.123695 -0.976278 0.099070 0.736775 -0.668840 49.061714 -0.077015 0.675808 0.733043 -0.792698 0.000000 0.000000 0.000000 1.000000
0.992128 -0.020949 0.123461 -0.957219 0.098791 0.736791 -0.668864 49.080727 -0.076953 0.675796 0.733061 -0.779523 0.000000 0.000000 0.000000 1.000000
0.992178 -0.020768 0.123088 -0.940591 0.098415 0.736728 -0.668989 49.094379 -0.076789 0.675870 0.733010 -0.765712 0.000000 0.000000 0.000000 1.000000</float_array><technique_common><accessor source="#Hips-Matrix-animation-output-transform-array" count="76" stride="16"><param type="float4x4"/></accessor></technique_common></source><source id="Hips-Interpolations"><Name_array id="Hips-Interpolations-array" count="76">
 LINEAR LINEAR LINEAR LINEAR LINEAR LINEAR LINEAR LINEAR LINEAR LINEAR LINEAR
LINEAR LINEAR LINEAR LINEAR LINEAR LINEAR LINEAR LINEAR LINEAR LINEAR LINEAR LINEAR
LINEAR LINEAR LINEAR LINEAR LINEAR LINEAR LINEAR LINEAR LINEAR LINEAR LINEAR LINEAR
LINEAR LINEAR LINEAR LINEAR LINEAR LINEAR LINEAR LINEAR LINEAR LINEAR LINEAR LINEAR
LINEAR LINEAR LINEAR LINEAR LINEAR LINEAR LINEAR LINEAR LINEAR LINEAR LINEAR LINEAR
LINEAR LINEAR LINEAR LINEAR LINEAR LINEAR LINEAR LINEAR LINEAR LINEAR LINEAR LINEAR
LINEAR LINEAR LINEAR LINEAR LINEAR</Name_array><technique_common><accessor source="#Hips-Interpolations-array" count="76"><param type="name"/></accessor></technique_common></source><sampler id="Hips-Matrix-animation-transform"><input semantic="INPUT" source="#Hips-Matrix-animation-input"/><input semantic="OUTPUT" source="#Hips-Matrix-animation-output-transform"/><input semantic="INTERPOLATION" source="#Hips-Interpolations"/></sampler><channel source="#Hips-Matrix-animation-transform" target="Hips/matrix"/></animation>
    <animation id="Spine-anim" name="Spine"><source id="Spine-Matrix-animation-input"><float_array id="Spine-Matrix-animation-input-array" count="76">

0.000000 0.033333 0.066667 0.100000 0.133333 0.166667 0.200000 0.233333 0.266667 0.300000 0.333333 0.366667 0.400000 0.433333 0.466667 0.500000
0.533333 0.566667 0.600000 0.633333 0.666667 0.700000 0.733333 0.766667 0.800000 0.833333 0.866667 0.900000 0.933333 0.966667 1.000000 1.033333
1.066667 1.100000 1.133333 1.166667 1.200000 1.233333 1.266667 1.300000 1.333333 1.366667 1.400000 1.433333 1.466667 1.500000 1.533333 1.566667
1.600000 1.633333 1.666667 1.700000 1.733333 1.766667 1.800000 1.833333 1.866667 1.900000 1.933333 1.966667 2.000000 2.033333 2.066667 2.100000
2.133333 2.166667 2.200000 2.233333 2.266667 2.300000 2.333333 2.366667 2.400000 2.433333 2.466667 2.500000</float_array><technique_common><accessor source="#Spine-Matrix-animation-input-array" count="76"><param name="TIME" type="float"/></accessor></technique_common></source><source id="Spine-Matrix-animation-output-transform"><float_array id="Spine-Matrix-animation-output-transform-array" count="1216">

0.999785 0.020476 -0.003190 -0.000000 -0.020714 0.992008 -0.124464 9.226300 0.000616 0.124503 0.992219 1.577100 0.000000 0.000000 0.000000 1.000000
0.999783 0.020605 -0.003121 0.000000 -0.020833 0.992014 -0.124395 9.226300 0.000533 0.124433 0.992228 1.577100 0.000000 0.000000 0.000000 1.000000
0.999783 0.020608 -0.003085 0.000000 -0.020832 0.992007 -0.124452 9.226300 0.000495 0.124489 0.992221 1.577100 0.000000 0.000000 0.000000 1.000000
0.999783 0.020634 -0.002986 0.000000 -0.020845 0.991979 -0.124670 9.226300 0.000389 0.124705 0.992194 1.577100 0.000000 0.000000 0.000000 1.000000
0.999783 0.020647 -0.002906 0.000000 -0.020848 0.991967 -0.124767 9.226300 0.000306 0.124800 0.992182 1.577100 0.000000 0.000000 0.000000 1.000000
0.999782 0.020696 -0.002865 -0.000000 -0.020892 0.991966 -0.124770 9.226300 0.000260 0.124803 0.992182 1.577100 0.000000 0.000000 0.000000 1.000000
0.999782 0.020696 -0.002899 -0.000000 -0.020896 0.991958 -0.124828 9.226300 0.000293 0.124861 0.992174 1.577100 0.000000 0.000000 0.000000 1.000000
0.999783 0.020648 -0.002933 0.000000 -0.020853 0.991953 -0.124876 9.226300 0.000331 0.124910 0.992168 1.577100 0.000000 0.000000 0.000000 1.000000
0.999783 0.020635 -0.002908 0.000000 -0.020836 0.991940 -0.124982 9.226300 0.000306 0.125015 0.992155 1.577100 0.000000 0.000000 0.000000 1.000000
0.999785 0.020548 -0.002919 0.000000 -0.020752 0.991925 -0.125115 9.226300 0.000325 0.125149 0.992138 1.577100 0.000000 0.000000 0.000000 1.000000
0.999785 0.020512 -0.002938 0.000000 -0.020719 0.991919 -0.125169 9.226300 0.000347 0.125203 0.992131 1.577100 0.000000 0.000000 0.000000 1.000000
0.999786 0.020465 -0.002946 0.000000 -0.020673 0.991927 -0.125112 9.226300 0.000362 0.125147 0.992138 1.577100 0.000000 0.000000 0.000000 1.000000
0.999787 0.020427 -0.002924 0.000000 -0.020632 0.991924 -0.125147 9.226300 0.000344 0.125180 0.992134 1.577100 0.000000 0.000000 0.000000 1.000000
0.999788 0.020384 -0.002914 0.000000 -0.020589 0.991917 -0.125206 9.226300 0.000339 0.125239 0.992127 1.577100 0.000000 0.000000 0.000000 1.000000
0.999790 0.020257 -0.002985 0.000000 -0.020472 0.991927 -0.125149 9.226300 0.000426 0.125184 0.992133 1.577100 0.000000 0.000000 0.000000 1.000000
0.999790 0.020286 -0.002896 -0.000000 -0.020489 0.991916 -0.125227 9.226300 0.000332 0.125260 0.992124 1.577100 0.000000 0.000000 0.000000 1.000000
0.999789 0.020319 -0.002869 0.000000 -0.020518 0.991920 -0.125191 9.226300 0.000302 0.125224 0.992128 1.577100 0.000000 0.000000 0.000000 1.000000
0.999790 0.020304 -0.002828 0.000000 -0.020498 0.991925 -0.125160 9.226300 0.000264 0.125191 0.992133 1.577100 0.000000 0.000000 0.000000 1.000000
0.999789 0.020335 -0.002763 0.000000 -0.020521 0.991929 -0.125127 9.226300 0.000196 0.125157 0.992137 1.577100 0.000000 0.000000 0.000000 1.000000
0.999790 0.020294 -0.002728 0.000000 -0.020476 0.991936 -0.125075 9.226300 0.000168 0.125105 0.992144 1.577100 0.000000 0.000000 0.000000 1.000000
0.999790 0.020303 -0.002723 0.000000 -0.020484 0.991939 -0.125050 9.226300 0.000162 0.125079 0.992147 1.577100 0.000000 0.000000 0.000000 1.000000
0.999791 0.020286 -0.002665 0.000000 -0.020460 0.991937 -0.125072 9.226300 0.000106 0.125101 0.992144 1.577100 0.000000 0.000000 0.000000 1.000000
0.999792 0.020220 -0.002632 0.000000 -0.020391 0.991931 -0.125129 9.226300 0.000081 0.125157 0.992137 1.577100 0.000000 0.000000 0.000000 1.000000
0.999793 0.020180 -0.002613 0.000000 -0.020349 0.991926 -0.125171 9.226300 0.000066 0.125198 0.992132 1.577100 0.000000 0.000000 0.000000 1.000000
0.999794 0.020135 -0.002566 0.000000 -0.020298 0.991920 -0.125234 9.226300 0.000024 0.125260 0.992124 1.577100 0.000000 0.000000 0.000000 1.000000
0.999794 0.020136 -0.002506 -0.000000 -0.020291 0.991922 -0.125216 9.226300 -0.000036 0.125241 0.992126 1.577100 0.000000 0.000000 0.000000 1.000000
0.999794 0.020167 -0.002495 -0.000000 -0.020321 0.991932 -0.125135 9.226300 -0.000048 0.125160 0.992137 1.577100 0.000000 0.000000 0.000000 1.000000
0.999793 0.020179 -0.002502 0.000000 -0.020334 0.991929 -0.125152 9.226300 -0.000044 0.125177 0.992134 1.577100 0.000000 0.000000 0.000000 1.000000
0.999795 0.020088 -0.002513 0.000000 -0.020244 0.991931 -0.125156 9.226300 -0.000022 0.125181 0.992134 1.577100 0.000000 0.000000 0.000000 1.000000
0.999797 0.020013 -0.002495 -0.000000 -0.020168 0.991938 -0.125111 9.226300 -0.000028 0.125136 0.992140 1.577100 0.000000 0.000000 0.000000 1.000000
0.999798 0.019940 -0.002518 -0.000000 -0.020099 0.991935 -0.125147 9.226300 0.000002 0.125172 0.992135 1.577100 0.000000 0.000000 0.000000 1.000000
0.999800 0.019864 -0.002507 0.000000 -0.020021 0.991938 -0.125136 9.226300 0.000001 0.125161 0.992136 1.577100 0.000000 0.000000 0.000000 1.000000
0.999800 0.019826 -0.002489 -0.000000 -0.019981 0.991942 -0.125110 9.226300 -0.000012 0.125135 0.992140 1.577100 0.000000 0.000000 0.000000 1.000000
0.999800 0.019837 -0.002472 -0.000000 -0.019990 0.991936 -0.125153 9.226300 -0.000031 0.125177 0.992134 1.577100 0.000000 0.000000 0.000000 1.000000
0.999803 0.019703 -0.002491 0.000000 -0.019860 0.991939 -0.125150 9.226300 0.000005 0.125175 0.992135 1.577100 0.000000 0.000000 0.000000 1.000000
0.999806 0.019534 -0.002608 -0.000000 -0.019706 0.991949 -0.125092 9.226300 0.000143 0.125119 0.992142 1.577100 0.000000 0.000000 0.000000 1.000000
0.999809 0.019342 -0.002699 0.000000 -0.019528 0.991938 -0.125214 9.226300 0.000255 0.125243 0.992126 1.577100 0.000000 0.000000 0.000000 1.000000
0.999812 0.019165 -0.002820 0.000000 -0.019367 0.991953 -0.125117 9.226300 0.000400 0.125148 0.992138 1.577100 0.000000 0.000000 0.000000 1.000000
0.999815 0.019002 -0.002953 -0.000000 -0.019222 0.991961 -0.125072 9.226300 0.000552 0.125106 0.992143 1.577100 0.000000 0.000000 0.000000 1.000000
0.999816 0.018929 -0.002997 -0.000000 -0.019155 0.991950 -0.125177 9.226300 0.000603 0.125211 0.992130 1.577100 0.000000 0.000000 0.000000 1.000000
0.999817 0.018853 -0.003119 -0.000000 -0.019095 0.991952 -0.125169 9.226300 0.000734 0.125206 0.992131 1.577100 0.000000 0.000000 0.000000 1.000000
0.999820 0.018687 -0.003253 -0.000000 -0.018947 0.991973 -0.125018 9.226300 0.000891 0.125057 0.992149 1.577100 0.000000 0.000000 0.000000 1.000000
0.999819 0.018735 -0.003276 0.000000 -0.018997 0.991954 -0.125169 9.226300 0.000905 0.125208 0.992130 1.577100 0.000000 0.000000 0.000000 1.000000
0.999821 0.018618 -0.003441 -0.000000 -0.018902 0.991980 -0.124972 9.226300 0.001087 0.125014 0.992154 1.577100 0.000000 0.000000 0.000000 1.000000
0.999821 0.018586 -0.003529 -0.000000 -0.018882 0.991986 -0.124931 9.226300 0.001179 0.124976 0.992159 1.577100 0.000000 0.000000 0.000000 1.000000
0.999820 0.018628 -0.003566 -0.000000 -0.018928 0.991982 -0.124950 9.226300 0.001210 0.124995 0.992157 1.577100 0.000000 0.000000 0.000000 1.000000
0.999821 0.018569 -0.003580 0.000000 -0.018871 0.991989 -0.124908 9.226300 0.001232 0.124954 0.992162 1.577100 0.000000 0.000000 0.000000 1.000000
0.999818 0.018736 -0.003624 0.000000 -0.019041 0.991998 -0.124808 9.226300 0.001256 0.124854 0.992174 1.577100 0.000000 0.000000 0.000000 1.000000
0.999817 0.018771 -0.003654 0.000000 -0.019080 0.992003 -0.124767 9.226300 0.001282 0.124814 0.992179 1.577100 0.000000 0.000000 0.000000 1.000000
0.999814 0.018928 -0.003636 -0.000000 -0.019234 0.991999 -0.124776 9.226300 0.001246 0.124823 0.992178 1.577100 0.000000 0.000000 0.000000 1.000000
0.999812 0.019057 -0.003621 0.000000 -0.019360 0.992003 -0.124721 9.226300 0.001215 0.124768 0.992185 1.577100 0.000000 0.000000 0.000000 1.000000
0.999810 0.019169 -0.003616 0.000000 -0.019471 0.992004 -0.124696 9.226300 0.001197 0.124743 0.992188 1.577100 0.000000 0.000000 0.000000 1.000000
0.999803 0.019516 -0.003501 0.000000 -0.019800 0.991991 -0.124747 9.226300 0.001038 0.124792 0.992182 1.577100 0.000000 0.000000 0.000000 1.000000
0.999796 0.019900 -0.003441 0.000000 -0.020174 0.991985 -0.124737 9.226300 0.000931 0.124781 0.992184 1.577100 0.000000 0.000000 0.000000 1.000000
0.999794 0.020016 -0.003433 0.000000 -0.020287 0.991981 -0.124752 9.226300 0.000908 0.124796 0.992182 1.577100 0.000000 0.000000 0.000000 1.000000
0.999795 0.019969 -0.003471 0.000000 -0.020246 0.991994 -0.124648 9.226300 0.000954 0.124692 0.992195 1.577100 0.000000 0.000000 0.000000 1.000000
0.999792 0.020123 -0.003419 0.000000 -0.020393 0.991998 -0.124595 9.226300 0.000884 0.124639 0.992202 1.577100 0.000000 0.000000 0.000000 1.000000
0.999788 0.020277 -0.003455 -0.000000 -0.020549 0.991984 -0.124683 9.226300 0.000899 0.124728 0.992191 1.577100 0.000000 0.000000 0.000000 1.000000
0.999786 0.020388 -0.003449 0.000000 -0.020659 0.991968 -0.124793 9.226300 0.000877 0.124837 0.992177 1.577100 0.000000 0.000000 0.000000 1.000000
0.999787 0.020334 -0.003498 0.000000 -0.020612 0.991956 -0.124892 9.226300 0.000930 0.124937 0.992164 1.577100 0.000000 0.000000 0.000000 1.000000
0.999786 0.020371 -0.003475 0.000000 -0.020646 0.991948 -0.124955 9.226300 0.000902 0.125000 0.992156 1.577100 0.000000 0.000000 0.000000 1.000000
0.999786 0.020412 -0.003490 0.000000 -0.020688 0.991942 -0.124994 9.226300 0.000910 0.125039 0.992151 1.577100 0.000000 0.000000 0.000000 1.000000
0.999785 0.020423 -0.003480 0.000000 -0.020698 0.991934 -0.125051 9.226300 0.000898 0.125096 0.992144 1.577100 0.000000 0.000000 0.000000 1.000000
0.999788 0.020323 -0.003442 0.000000 -0.020594 0.991938 -0.125039 9.226300 0.000873 0.125084 0.992146 1.577100 0.000000 0.000000 0.000000 1.000000
0.999788 0.020297 -0.003435 0.000000 -0.020568 0.991942 -0.125010 9.226300 0.000870 0.125055 0.992149 1.577100 0.000000 0.000000 0.000000 1.000000
0.999788 0.020310 -0.003454 0.000000 -0.020583 0.991944 -0.124993 9.226300 0.000888 0.125037 0.992152 1.577100 0.000000 0.000000 0.000000 1.000000
0.999788 0.020327 -0.003394 0.000000 -0.020592 0.991941 -0.125018 9.226300 0.000826 0.125061 0.992149 1.577100 0.000000 0.000000 0.000000 1.000000
0.999788 0.020292 -0.003363 0.000000 -0.020553 0.991935 -0.125069 9.226300 0.000798 0.125112 0.992142 1.577100 0.000000 0.000000 0.000000 1.000000
0.999789 0.020286 -0.003379 0.000000 -0.020549 0.991939 -0.125037 9.226300 0.000816 0.125080 0.992146 1.577100 0.000000 0.000000 0.000000 1.000000
0.999788 0.020308 -0.003346 0.000000 -0.020567 0.991942 -0.125014 9.226300 0.000781 0.125057 0.992149 1.577100 0.000000 0.000000 0.000000 1.000000
0.999786 0.020416 -0.003245 0.000000 -0.020661 0.991963 -0.124834 9.226300 0.000670 0.124874 0.992172 1.577100 0.000000 0.000000 0.000000 1.000000
0.999784 0.020527 -0.003198 0.000000 -0.020766 0.991978 -0.124689 9.226300 0.000612 0.124729 0.992191 1.577100 0.000000 0.000000 0.000000 1.000000
0.999784 0.020537 -0.003122 -0.000000 -0.020766 0.991979 -0.124685 9.226300 0.000537 0.124723 0.992192 1.577100 0.000000 0.000000 0.000000 1.000000
0.999783 0.020580 -0.003113 -0.000000 -0.020807 0.991984 -0.124643 9.226300 0.000523 0.124680 0.992197 1.577100 0.000000 0.000000 0.000000 1.000000
0.999785 0.020512 -0.003129 -0.000000 -0.020742 0.991998 -0.124541 9.226300 0.000550 0.124579 0.992210 1.577100 0.000000 0.000000 0.000000 1.000000
0.999786 0.020447 -0.003160 0.000000 -0.020681 0.992008 -0.124465 9.226300 0.000590 0.124504 0.992219 1.577100 0.000000 0.000000 0.000000 1.000000</float_array><technique_common><accessor source="#Spine-Matrix-animation-output-transform-array" count="76" stride="16"><param type="float4x4"/></accessor></technique_common></source><source id="Spine-Interpolations"><Name_array id="Spine-Interpolations-array" count="76">
 LINEAR LINEAR LINEAR LINEAR LINEAR LINEAR LINEAR LINEAR LINEAR LINEAR LINEAR
LINEAR LINEAR LINEAR LINEAR LINEAR LINEAR LINEAR LINEAR LINEAR LINEAR LINEAR LINEAR
LINEAR LINEAR LINEAR LINEAR LINEAR LINEAR LINEAR LINEAR LINEAR LINEAR LINEAR LINEAR
LINEAR LINEAR LINEAR LINEAR LINEAR LINEAR LINEAR LINEAR LINEAR LINEAR LINEAR LINEAR
LINEAR LINEAR LINEAR LINEAR LINEAR LINEAR LINEAR LINEAR LINEAR LINEAR LINEAR LINEAR
LINEAR LINEAR LINEAR LINEAR LINEAR LINEAR LINEAR LINEAR LINEAR LINEAR LINEAR LINEAR
LINEAR LINEAR LINEAR LINEAR LINEAR</Name_array><technique_common><accessor source="#Spine-Interpolations-array" count="76"><param type="name"/></accessor></technique_common></source><sampler id="Spine-Matrix-animation-transform"><input semantic="INPUT" source="#Spine-Matrix-animation-input"/><input semantic="OUTPUT" source="#Spine-Matrix-animation-output-transform"/><input semantic="INTERPOLATION" source="#Spine-Interpolations"/></sampler><channel source="#Spine-Matrix-animation-transform" target="Spine/matrix"/></animation>
    <animation id="Spine1-anim" name="Spine1"><source id="Spine1-Matrix-animation-input"><float_array id="Spine1-Matrix-animation-input-array" count="76">

0.000000 0.033333 0.066667 0.100000 0.133333 0.166667 0.200000 0.233333 0.266667 0.300000 0.333333 0.366667 0.400000 0.433333 0.466667 0.500000
0.533333 0.566667 0.600000 0.633333 0.666667 0.700000 0.733333 0.766667 0.800000 0.833333 0.866667 0.900000 0.933333 0.966667 1.000000 1.033333
1.066667 1.100000 1.133333 1.166667 1.200000 1.233333 1.266667 1.300000 1.333333 1.366667 1.400000 1.433333 1.466667 1.500000 1.533333 1.566667
1.600000 1.633333 1.666667 1.700000 1.733333 1.766667 1.800000 1.833333 1.866667 1.900000 1.933333 1.966667 2.000000 2.033333 2.066667 2.100000
2.133333 2.166667 2.200000 2.233333 2.266667 2.300000 2.333333 2.366667 2.400000 2.433333 2.466667 2.500000</float_array><technique_common><accessor source="#Spine1-Matrix-animation-input-array" count="76"><param name="TIME" type="float"/></accessor></technique_common></source><source id="Spine1-Matrix-animation-output-transform"><float_array id="Spine1-Matrix-animation-output-transform-array" count="1216">

0.999497 0.031614 0.002339 0.000000 -0.030057 0.968545 -0.247016 16.254000 -0.010075 0.246821 0.969009 -0.165600 0.000000 0.000000 0.000000 1.000000
0.999489 0.031856 0.002492 -0.000000 -0.030255 0.968573 -0.246882 16.254000 -0.010278 0.246680 0.969042 -0.165600 0.000000 0.000000 0.000000 1.000000
0.999488 0.031890 0.002540 0.000000 -0.030275 0.968544 -0.246994 16.254000 -0.010337 0.246790 0.969014 -0.165600 0.000000 0.000000 0.000000 1.000000
0.999485 0.031977 0.002701 0.000000 -0.030315 0.968434 -0.247420 16.254000 -0.010528 0.247210 0.968905 -0.165600 0.000000 0.000000 0.000000 1.000000
0.999483 0.032030 0.002837 0.000000 -0.030331 0.968385 -0.247609 16.254000 -0.010678 0.247395 0.968856 -0.165600 0.000000 0.000000 0.000000 1.000000
0.999479 0.032157 0.002889 0.000000 -0.030441 0.968380 -0.247615 16.254000 -0.010760 0.247398 0.968854 -0.165600 0.000000 0.000000 0.000000 1.000000
0.999478 0.032173 0.002805 -0.000000 -0.030476 0.968350 -0.247729 16.254000 -0.010687 0.247514 0.968825 -0.165600 0.000000 0.000000 0.000000 1.000000
0.999482 0.032079 0.002734 -0.000000 -0.030401 0.968328 -0.247823 16.254000 -0.010597 0.247611 0.968802 -0.165600 0.000000 0.000000 0.000000 1.000000
0.999482 0.032056 0.002770 0.000000 -0.030368 0.968277 -0.248028 16.254000 -0.010633 0.247816 0.968749 -0.165600 0.000000 0.000000 0.000000 1.000000
0.999488 0.031894 0.002733 0.000000 -0.030218 0.968215 -0.248288 16.254000 -0.010565 0.248078 0.968682 -0.165600 0.000000 0.000000 0.000000 1.000000
0.999489 0.031837 0.002677 0.000000 -0.030174 0.968189 -0.248394 16.254000 -0.010500 0.248187 0.968655 -0.165600 0.000000 0.000000 0.000000 1.000000
0.999492 0.031755 0.002650 -0.000000 -0.030103 0.968220 -0.248282 16.254000 -0.010450 0.248076 0.968684 -0.165600 0.000000 0.000000 0.000000 1.000000
0.999494 0.031695 0.002686 0.000000 -0.030036 0.968205 -0.248349 16.254000 -0.010472 0.248143 0.968667 -0.165600 0.000000 0.000000 0.000000 1.000000
0.999496 0.031637 0.002690 -0.000000 -0.029976 0.968177 -0.248464 16.254000 -0.010465 0.248258 0.968637 -0.165600 0.000000 0.000000 0.000000 1.000000
0.999503 0.031416 0.002532 0.000000 -0.029803 0.968211 -0.248353 16.254000 -0.010254 0.248154 0.968666 -0.165600 0.000000 0.000000 0.000000 1.000000
0.999499 0.031527 0.002670 -0.000000 -0.029875 0.968169 -0.248508 16.254000 -0.010420 0.248304 0.968626 -0.165600 0.000000 0.000000 0.000000 1.000000
0.999496 0.031622 0.002698 0.000000 -0.029961 0.968185 -0.248436 16.254000 -0.010468 0.248231 0.968644 -0.165600 0.000000 0.000000 0.000000 1.000000
0.999496 0.031620 0.002756 0.000000 -0.029945 0.968201 -0.248376 16.254000 -0.010522 0.248168 0.968660 -0.165600 0.000000 0.000000 0.000000 1.000000
0.999493 0.031720 0.002849 0.000000 -0.030020 0.968215 -0.248311 16.254000 -0.010635 0.248099 0.968676 -0.165600 0.000000 0.000000 0.000000 1.000000
0.999494 0.031673 0.002892 0.000000 -0.029965 0.968242 -0.248211 16.254000 -0.010662 0.247999 0.968702 -0.165600 0.000000 0.000000 0.000000 1.000000
0.999493 0.031719 0.002874 0.000000 -0.030014 0.968254 -0.248161 16.254000 -0.010654 0.247949 0.968714 -0.165600 0.000000 0.000000 0.000000 1.000000
0.999492 0.031722 0.002963 -0.000000 -0.029995 0.968243 -0.248206 16.254000 -0.010742 0.247991 0.968703 -0.165600 0.000000 0.000000 0.000000 1.000000
0.999495 0.031630 0.003003 -0.000000 -0.029894 0.968218 -0.248316 16.254000 -0.010761 0.248101 0.968674 -0.165600 0.000000 0.000000 0.000000 1.000000
0.999496 0.031590 0.003009 0.000000 -0.029853 0.968198 -0.248397 16.254000 -0.010760 0.248182 0.968654 -0.165600 0.000000 0.000000 0.000000 1.000000
0.999498 0.031530 0.003084 0.000000 -0.029775 0.968169 -0.248520 16.254000 -0.010822 0.248304 0.968622 -0.165600 0.000000 0.000000 0.000000 1.000000
0.999497 0.031543 0.003203 0.000000 -0.029758 0.968178 -0.248486 16.254000 -0.010939 0.248266 0.968630 -0.165600 0.000000 0.000000 0.000000 1.000000
0.999495 0.031604 0.003221 0.000000 -0.029815 0.968217 -0.248328 16.254000 -0.010967 0.248106 0.968671 -0.165600 0.000000 0.000000 0.000000 1.000000
0.999494 0.031633 0.003195 0.000000 -0.029849 0.968207 -0.248361 16.254000 -0.010950 0.248140 0.968662 -0.165600 0.000000 0.000000 0.000000 1.000000
0.999500 0.031467 0.003160 0.000000 -0.029697 0.968210 -0.248368 16.254000 -0.010875 0.248150 0.968661 -0.165600 0.000000 0.000000 0.000000 1.000000
0.999503 0.031354 0.003158 -0.000000 -0.029589 0.968236 -0.248281 16.254000 -0.010843 0.248064 0.968683 -0.165600 0.000000 0.000000 0.000000 1.000000
0.999507 0.031252 0.003075 -0.000000 -0.029510 0.968221 -0.248350 16.254000 -0.010738 0.248136 0.968666 -0.165600 0.000000 0.000000 0.000000 1.000000
0.999510 0.031144 0.003063 0.000000 -0.029408 0.968230 -0.248327 16.254000 -0.010699 0.248116 0.968671 -0.165600 0.000000 0.000000 0.000000 1.000000
0.999511 0.031113 0.003057 0.000000 -0.029381 0.968243 -0.248278 16.254000 -0.010685 0.248067 0.968684 -0.165600 0.000000 0.000000 0.000000 1.000000
0.999509 0.031182 0.003048 -0.000000 -0.029449 0.968220 -0.248362 16.254000 -0.010696 0.248150 0.968663 -0.165600 0.000000 0.000000 0.000000 1.000000
0.999516 0.030955 0.002991 0.000000 -0.029243 0.968228 -0.248355 16.254000 -0.010583 0.248147 0.968664 -0.165600 0.000000 0.000000 0.000000 1.000000
0.999527 0.030639 0.002745 -0.000000 -0.028999 0.968264 -0.248240 16.254000 -0.010264 0.248043 0.968695 -0.165600 0.000000 0.000000 0.000000 1.000000
0.999539 0.030266 0.002565 0.000000 -0.028680 0.968213 -0.248478 16.254000 -0.010004 0.248290 0.968634 -0.165600 0.000000 0.000000 0.000000 1.000000
0.999550 0.029900 0.002340 0.000000 -0.028383 0.968270 -0.248290 16.254000 -0.009689 0.248111 0.968683 -0.165600 0.000000 0.000000 0.000000 1.000000
0.999561 0.029552 0.002101 0.000000 -0.028107 0.968301 -0.248200 16.254000 -0.009369 0.248032 0.968706 -0.165600 0.000000 0.000000 0.000000 1.000000
0.999566 0.029391 0.002034 0.000000 -0.027964 0.968253 -0.248405 16.254000 -0.009271 0.248240 0.968654 -0.165600 0.000000 0.000000 0.000000 1.000000
0.999572 0.029203 0.001825 0.000000 -0.027835 0.968260 -0.248390 16.254000 -0.009021 0.248233 0.968658 -0.165600 0.000000 0.000000 0.000000 1.000000
0.999583 0.028825 0.001613 -0.000000 -0.027524 0.968345 -0.248094 16.254000 -0.008714 0.247946 0.968735 -0.165600 0.000000 0.000000 0.000000 1.000000
0.999582 0.028882 0.001602 0.000000 -0.027579 0.968268 -0.248388 16.254000 -0.008725 0.248240 0.968659 -0.165600 0.000000 0.000000 0.000000 1.000000
0.999590 0.028585 0.001337 0.000000 -0.027361 0.968373 -0.248003 16.254000 -0.008384 0.247865 0.968758 -0.165600 0.000000 0.000000 0.000000 1.000000
0.999594 0.028464 0.001220 -0.000000 -0.027273 0.968395 -0.247924 16.254000 -0.008239 0.247790 0.968779 -0.165600 0.000000 0.000000 0.000000 1.000000
0.999593 0.028492 0.001203 -0.000000 -0.027304 0.968385 -0.247960 16.254000 -0.008229 0.247827 0.968769 -0.165600 0.000000 0.000000 0.000000 1.000000
0.999598 0.028316 0.001248 -0.000000 -0.027123 0.968411 -0.247879 16.254000 -0.008228 0.247746 0.968790 -0.165600 0.000000 0.000000 0.000000 1.000000
0.999591 0.028582 0.001210 0.000000 -0.027392 0.968454 -0.247684 16.254000 -0.008251 0.247549 0.968840 -0.165600 0.000000 0.000000 0.000000 1.000000
0.999591 0.028588 0.001217 0.000000 -0.027397 0.968474 -0.247603 16.254000 -0.008257 0.247469 0.968861 -0.165600 0.000000 0.000000 0.000000 1.000000
0.999583 0.028842 0.001304 0.000000 -0.027621 0.968463 -0.247622 16.254000 -0.008405 0.247482 0.968856 -0.165600 0.000000 0.000000 0.000000 1.000000
0.999577 0.029039 0.001391 0.000000 -0.027792 0.968486 -0.247514 16.254000 -0.008535 0.247371 0.968883 -0.165600 0.000000 0.000000 0.000000 1.000000
0.999572 0.029202 0.001459 -0.000000 -0.027933 0.968494 -0.247466 16.254000 -0.008639 0.247319 0.968896 -0.165600 0.000000 0.000000 0.000000 1.000000
0.999553 0.029847 0.001717 0.000000 -0.028493 0.968452 -0.247567 16.254000 -0.009052 0.247407 0.968869 -0.165600 0.000000 0.000000 0.000000 1.000000
0.999531 0.030560 0.001858 0.000000 -0.029149 0.968437 -0.247548 16.254000 -0.009365 0.247378 0.968874 -0.165600 0.000000 0.000000 0.000000 1.000000
0.999526 0.030734 0.001928 -0.000000 -0.029300 0.968425 -0.247577 16.254000 -0.009476 0.247403 0.968866 -0.165600 0.000000 0.000000 0.000000 1.000000
0.999530 0.030580 0.001922 0.000000 -0.029154 0.968481 -0.247375 16.254000 -0.009426 0.247202 0.968918 -0.165600 0.000000 0.000000 0.000000 1.000000
0.999522 0.030841 0.002069 0.000000 -0.029373 0.968501 -0.247271 16.254000 -0.009630 0.247092 0.968944 -0.165600 0.000000 0.000000 0.000000 1.000000
0.999514 0.031105 0.002025 0.000000 -0.029637 0.968449 -0.247444 16.254000 -0.009658 0.247264 0.968900 -0.165600 0.000000 0.000000 0.000000 1.000000
0.999508 0.031302 0.002053 -0.000000 -0.029819 0.968388 -0.247658 16.254000 -0.009740 0.247475 0.968845 -0.165600 0.000000 0.000000 0.000000 1.000000
0.999513 0.031154 0.001994 -0.000000 -0.029688 0.968343 -0.247852 16.254000 -0.009652 0.247672 0.968796 -0.165600 0.000000 0.000000 0.000000 1.000000
0.999512 0.031181 0.002080 0.000000 -0.029691 0.968311 -0.247976 16.254000 -0.009746 0.247793 0.968764 -0.165600 0.000000 0.000000 0.000000 1.000000
0.999510 0.031231 0.002080 0.000000 -0.029740 0.968290 -0.248052 16.254000 -0.009761 0.247869 0.968744 -0.165600 0.000000 0.000000 0.000000 1.000000
0.999509 0.031262 0.002096 0.000000 -0.029764 0.968261 -0.248162 16.254000 -0.009787 0.247978 0.968716 -0.165600 0.000000 0.000000 0.000000 1.000000
0.999514 0.031085 0.002158 0.000000 -0.029578 0.968273 -0.248139 16.254000 -0.009803 0.247955 0.968722 -0.165600 0.000000 0.000000 0.000000 1.000000
0.999516 0.031051 0.002148 0.000000 -0.029547 0.968288 -0.248083 16.254000 -0.009783 0.247900 0.968736 -0.165600 0.000000 0.000000 0.000000 1.000000
0.999514 0.031091 0.002084 0.000000 -0.029602 0.968295 -0.248049 16.254000 -0.009730 0.247867 0.968745 -0.165600 0.000000 0.000000 0.000000 1.000000
0.999512 0.031157 0.002167 -0.000000 -0.029645 0.968281 -0.248099 16.254000 -0.009829 0.247914 0.968732 -0.165600 0.000000 0.000000 0.000000 1.000000
0.999513 0.031123 0.002192 -0.000000 -0.029605 0.968256 -0.248200 16.254000 -0.009847 0.248014 0.968706 -0.165600 0.000000 0.000000 0.000000 1.000000
0.999513 0.031140 0.002120 -0.000000 -0.029640 0.968271 -0.248137 16.254000 -0.009780 0.247953 0.968723 -0.165600 0.000000 0.000000 0.000000 1.000000
0.999511 0.031203 0.002168 -0.000000 -0.029690 0.968282 -0.248090 16.254000 -0.009841 0.247904 0.968735 -0.165600 0.000000 0.000000 0.000000 1.000000
0.999503 0.031426 0.002364 0.000000 -0.029862 0.968366 -0.247739 16.254000 -0.010075 0.247546 0.968824 -0.165600 0.000000 0.000000 0.000000 1.000000
0.999496 0.031653 0.002439 0.000000 -0.030065 0.968432 -0.247457 16.254000 -0.010195 0.247259 0.968896 -0.165600 0.000000 0.000000 0.000000 1.000000
0.999494 0.031697 0.002554 0.000000 -0.030080 0.968434 -0.247447 16.254000 -0.010317 0.247245 0.968898 -0.165600 0.000000 0.000000 0.000000 1.000000
