<?xml version="1.0" encoding="utf-8"?>
<COLLADA xmlns="http://www.collada.org/2005/11/COLLADASchema" version="1.4.1">
  <asset><contributor><author>Mixamo</author><authoring_tool>COLLADA Mixamo exporter</authoring_tool><comments></comments></contributor><created>2018-10-06T11:21:33Z</created><modified>2018-10-06T11:21:33Z</modified><revision></revision><title></title><unit meter="0.010000"/><up_axis>Y_UP</up_axis></asset>
  <library_animations>
    <animation id="Hips-anim" name="Hips"><source id="Hips-Matrix-animation-input"><float_array id="Hips-Matrix-animation-input-array" count="31">

0.000000 0.033333 0.066667 0.100000 0.133333 0.166667 0.200000 0.233333 0.266667 0.300000 0.333333 0.366667 0.400000 0.433333 0.466667 0.500000
0.533333 0.566667 0.600000 0.633333 0.666667 0.700000 0.733333 0.766667 0.800000 0.833333 0.866667 0.900000 0.933333 0.966667 1.000000</float_array><technique_common><accessor source="#Hips-Matrix-animation-input-array" count="31"><param name="TIME" type="float"/></accessor></technique_common></source><source id="Hips-Matrix-animation-output-transform"><float_array id="Hips-Matrix-animation-output-transform-array" count="496">

0.935323 0.017646 -0.353354 -2.997362 0.002283 0.998434 0.055903 80.807045 0.353787 -0.053094 0.933818 4.915726 0.000000 0.000000 0.000000 1.000000
0.935351 0.018482 -0.353237 -3.053726 0.001483 0.998420 0.056167 80.460670 0.353717 -0.053059 0.933846 1.386894 0.000000 0.000000 0.000000 1.000000
0.936647 0.019319 -0.349742 -2.932188 0.000401 0.998418 0.056226 80.043091 0.350275 -0.052804 0.935157 -2.420688 0.000000 0.000000 0.000000 1.000000
0.939316 0.019788 -0.342482 -2.686171 0.001138 0.998150 0.060794 79.619286 0.343051 -0.057495 0.937555 -6.309509 0.000000 0.000000 0.000000 1.000000
0.939663 0.021788 -0.341406 -2.413340 0.001378 0.997721 0.067467 79.193466 0.342097 -0.063866 0.937492 -10.212008 0.000000 0.000000 0.000000 1.000000
0.937939 0.026539 -0.345783 -2.089203 0.000411 0.996982 0.077632 78.778358 0.346799 -0.072956 0.935098 -14.309116 0.000000 0.000000 0.000000 1.000000
0.935726 0.029559 -0.351488 -1.706208 -0.003074 0.997128 0.075671 78.385040 0.352715 -0.069726 0.933129 -18.432995 0.000000 0.000000 0.000000 1.000000
0.936131 0.032517 -0.350145 -1.381963 -0.009923 0.997762 0.066130 77.722870 0.351511 -0.058432 0.934358 -22.534548 0.000000 0.000000 0.000000 1.000000
0.942815 0.026713 -0.332246 -1.058469 -0.009491 0.998531 0.053350 76.691956 0.333183 -0.047145 0.941683 -26.744209 0.000000 0.000000 0.000000 1.000000
0.947034 0.035318 -0.319186 -0.814522 -0.013757 0.997483 0.069554 76.446991 0.320840 -0.061479 0.945136 -30.989597 0.000000 0.000000 0.000000 1.000000
0.944007 0.055981 -0.325141 -0.475052 -0.024980 0.994798 0.098754 76.719788 0.328978 -0.085102 0.940495 -35.063747 0.000000 0.000000 0.000000 1.000000
0.938366 0.069952 -0.338490 -0.033003 -0.030436 0.992225 0.120678 76.833382 0.344300 -0.102938 0.933199 -38.886219 0.000000 0.000000 0.000000 1.000000
0.931495 0.078241 -0.355241 0.311424 -0.031292 0.990209 0.136039 76.499649 0.362407 -0.115603 0.924823 -42.289562 0.000000 0.000000 0.000000 1.000000
0.921896 0.086213 -0.377725 0.662122 -0.032410 0.988671 0.146555 76.042747 0.386081 -0.122866 0.914246 -45.467884 0.000000 0.000000 0.000000 1.000000
0.911159 0.091253 -0.401824 0.987980 -0.031920 0.987871 0.151961 75.570679 0.410817 -0.125634 0.903020 -48.713669 0.000000 0.000000 0.000000 1.000000
0.900415 0.092983 -0.424978 1.177887 -0.029099 0.987576 0.154424 75.001930 0.434057 -0.126679 0.891934 -51.874603 0.000000 0.000000 0.000000 1.000000
0.889810 0.089915 -0.447385 1.235853 -0.020719 0.987345 0.157229 74.491219 0.455860 -0.130635 0.880412 -55.199860 0.000000 0.000000 0.000000 1.000000
0.879383 0.087074 -0.468086 1.147475 -0.013282 0.987238 0.158695 73.990295 0.475930 -0.133336 0.869317 -58.649696 0.000000 0.000000 0.000000 1.000000
0.869400 0.085673 -0.486624 0.981642 -0.008365 0.987264 0.158870 73.706505 0.494038 -0.134051 0.859044 -62.177624 0.000000 0.000000 0.000000 1.000000
0.861492 0.084399 -0.500708 0.714284 -0.006991 0.987968 0.154502 73.737312 0.507724 -0.129602 0.851716 -66.009499 0.000000 0.000000 0.000000 1.000000
0.858803 0.083789 -0.505408 0.310596 -0.015823 0.990402 0.137308 74.174431 0.512062 -0.109923 0.851886 -70.207703 0.000000 0.000000 0.000000 1.000000
0.862758 0.083691 -0.498642 -0.162855 -0.030227 0.992979 0.114361 75.274002 0.504712 -0.083594 0.859231 -74.910767 0.000000 0.000000 0.000000 1.000000
0.874239 0.073078 -0.479965 -0.846424 -0.036054 0.995649 0.085925 76.515648 0.484156 -0.057815 0.873070 -80.055511 0.000000 0.000000 0.000000 1.000000
0.895918 0.055344 -0.440758 -1.651956 -0.025559 0.996987 0.073233 77.651016 0.443483 -0.054346 0.894634 -85.206528 0.000000 0.000000 0.000000 1.000000
0.916661 0.042740 -0.397375 -2.428364 -0.015163 0.997269 0.072283 78.608551 0.399379 -0.060234 0.914805 -89.895348 0.000000 0.000000 0.000000 1.000000
0.925857 0.033215 -0.376412 -2.978429 -0.008691 0.997738 0.066665 79.167244 0.377775 -0.058451 0.924051 -94.369255 0.000000 0.000000 0.000000 1.000000
0.927165 0.030648 -0.373399 -3.230240 -0.002466 0.997126 0.075719 79.501427 0.374646 -0.069283 0.924576 -98.532028 0.000000 0.000000 0.000000 1.000000
0.927758 0.028439 -0.372097 -3.281610 0.003924 0.996294 0.085928 79.700226 0.373161 -0.081181 0.924208 -102.290283 0.000000 0.000000 0.000000 1.000000
0.930223 0.024517 -0.366174 -3.196812 0.005203 0.996785 0.079958 80.018089 0.366957 -0.076284 0.927105 -106.151146 0.000000 0.000000 0.000000 1.000000
0.933060 0.021083 -0.359102 -3.125338 0.004261 0.997563 0.069639 80.475197 0.359695 -0.066507 0.930697 -109.874100 0.000000 0.000000 0.000000 1.000000
0.935323 0.017646 -0.353354 -2.997361 0.002282 0.998434 0.055903 80.807045 0.353787 -0.053094 0.933818 -113.331032 0.000000 0.000000 0.000000 1.000000</float_array><technique_common><accessor source="#Hips-Matrix-animation-output-transform-array" count="31" stride="16"><param type="float4x4"/></accessor></technique_common></source><source id="Hips-Interpolations"><Name_array id="Hips-Interpolations-array" count="31">
 LINEAR LINEAR LINEAR LINEAR LINEAR LINEAR LINEAR LINEAR LINEAR LINEAR LINEAR
LINEAR LINEAR LINEAR LINEAR LINEAR LINEAR LINEAR LINEAR LINEAR LINEAR LINEAR LINEAR
LINEAR LINEAR LINEAR LINEAR LINEAR LINEAR LINEAR LINEAR</Name_array><technique_common><accessor source="#Hips-Interpolations-array" count="31"><param type="name"/></accessor></technique_common></source><sampler id="Hips-Matrix-animation-transform"><input semantic="INPUT" source="#Hips-Matrix-animation-input"/><input semantic="OUTPUT" source="#Hips-Matrix-animation-output-transform"/><input semantic="INTERPOLATION" source="#Hips-Interpolations"/></sampler><channel source="#Hips-Matrix-animation-transform" target="Hips/matrix"/></animation>
    <animation id="Spine-anim" name="Spine"><source id="Spine-Matrix-animation-input"><float_array id="Spine-Matrix-animation-input-array" count="31">

0.000000 0.033333 0.066667 0.100000 0.133333 0.166667 0.200000 0.233333 0.266667 0.300000 0.333333 0.366667 0.400000 0.433333 0.466667 0.500000
0.533333 0.566667 0.600000 0.633333 0.666667 0.700000 0.733333 0.766667 0.800000 0.833333 0.866667 0.900000 0.933333 0.966667 1.000000</float_array><technique_common><accessor source="#Spine-Matrix-animation-input-array" count="31"><param name="TIME" type="float"/></accessor></technique_common></source><source id="Spine-Matrix-animation-output-transform"><float_array id="Spine-Matrix-animation-output-transform-array" count="496">

0.988116 -0.113119 0.104069 0.000000 0.149481 0.549490 -0.822020 9.226300 0.035801 0.827808 0.559869 1.577100 0.000000 0.000000 0.000000 1.000000
0.988137 -0.111843 0.105243 0.000000 0.149942 0.554453 -0.818596 9.226300 0.033202 0.824665 0.564646 1.577100 0.000000 0.000000 0.000000 1.000000
0.987362 -0.117374 0.106491 0.000000 0.154432 0.561609 -0.812863 9.226300 0.035603 0.819035 0.572638 1.577100 0.000000 0.000000 0.000000 1.000000
0.986298 -0.126592 0.105789 0.000000 0.159465 0.567205 -0.807991 9.226300 0.042281 0.813789 0.579620 1.577100 0.000000 0.000000 0.000000 1.000000
0.985650 -0.128510 0.109451 0.000000 0.163871 0.572859 -0.803106 9.226300 0.040507 0.809517 0.585698 1.577100 0.000000 0.000000 0.000000 1.000000
0.985761 -0.126421 0.110872 0.000000 0.164026 0.577774 -0.799546 9.226300 0.037020 0.806347 0.590283 1.577100 0.000000 0.000000 0.000000 1.000000
0.985739 -0.124079 0.113680 -0.000000 0.165591 0.594859 -0.786589 9.226300 0.029976 0.794196 0.606922 1.577100 0.000000 0.000000 0.000000 1.000000
0.985209 -0.127727 0.114232 0.000000 0.169164 0.618673 -0.767220 9.226300 0.027322 0.775197 0.631129 1.577100 0.000000 0.000000 0.000000 1.000000
0.985128 -0.139311 0.100578 0.000000 0.167191 0.642167 -0.748110 9.226300 0.039632 0.753800 0.655908 1.577100 0.000000 0.000000 0.000000 1.000000
0.984738 -0.147955 0.091657 0.000000 0.164360 0.617314 -0.769356 9.226300 0.057249 0.772679 0.632210 1.577100 0.000000 0.000000 0.000000 1.000000
0.983611 -0.151282 0.098092 0.000000 0.167800 0.569026 -0.805018 9.226300 0.065968 0.808284 0.585085 1.577100 0.000000 0.000000 0.000000 1.000000
0.982330 -0.151546 0.109826 0.000000 0.174698 0.531932 -0.828570 9.226300 0.067147 0.833116 0.549008 1.577100 0.000000 0.000000 0.000000 1.000000
0.982309 -0.148839 0.113653 0.000000 0.175202 0.516079 -0.838431 9.226300 0.066137 0.843510 0.533026 1.577100 0.000000 0.000000 0.000000 1.000000
0.982352 -0.143338 0.120159 0.000000 0.177550 0.512607 -0.840066 9.226300 0.058819 0.846575 0.529010 1.577100 0.000000 0.000000 0.000000 1.000000
0.982997 -0.135213 0.124234 0.000000 0.176948 0.516804 -0.837618 9.226300 0.049052 0.845359 0.531942 1.577100 0.000000 0.000000 0.000000 1.000000
0.984258 -0.124291 0.125647 0.000000 0.172852 0.528765 -0.830981 9.226300 0.036846 0.839618 0.541925 1.577100 0.000000 0.000000 0.000000 1.000000
0.986733 -0.107400 0.121748 0.000000 0.160669 0.538367 -0.827252 9.226300 0.023301 0.835838 0.548481 1.577100 0.000000 0.000000 0.000000 1.000000
0.988517 -0.089485 0.121764 0.000000 0.150969 0.550098 -0.821341 9.226300 0.006516 0.830292 0.557290 1.577100 0.000000 0.000000 0.000000 1.000000
0.989950 -0.071001 0.122298 0.000000 0.141035 0.559022 -0.817070 9.226300 -0.010354 0.826107 0.563418 1.577100 0.000000 0.000000 0.000000 1.000000
0.990004 -0.053061 0.130681 0.000000 0.137601 0.566780 -0.812297 9.226300 -0.030966 0.822158 0.568416 1.577100 0.000000 0.000000 0.000000 1.000000
0.988109 -0.045069 0.147000 0.000000 0.145766 0.578747 -0.802374 9.226300 -0.048914 0.814261 0.578435 1.577100 0.000000 0.000000 0.000000 1.000000
0.985833 -0.049065 0.160392 0.000000 0.159391 0.571804 -0.804758 9.226300 -0.052227 0.818922 0.571524 1.577100 0.000000 0.000000 0.000000 1.000000
0.984787 -0.053415 0.165355 -0.000000 0.166283 0.565954 -0.807494 9.226300 -0.050451 0.822705 0.566226 1.577100 0.000000 0.000000 0.000000 1.000000
0.986893 -0.065394 0.147530 0.000000 0.158802 0.556107 -0.815798 9.226300 -0.028694 0.828534 0.559203 1.577100 0.000000 0.000000 0.000000 1.000000
0.988108 -0.083194 0.129313 0.000000 0.153751 0.544930 -0.824264 9.226300 -0.001893 0.834344 0.551241 1.577100 0.000000 0.000000 0.000000 1.000000
0.989094 -0.088540 0.117701 0.000000 0.147004 0.544096 -0.826045 9.226300 0.009098 0.834338 0.551178 1.577100 0.000000 0.000000 0.000000 1.000000
0.990187 -0.085335 0.110667 0.000000 0.139236 0.534779 -0.833442 9.226300 0.011939 0.840672 0.541413 1.577100 0.000000 0.000000 0.000000 1.000000
0.990602 -0.087694 0.104962 0.000000 0.135577 0.528210 -0.838220 9.226300 0.018064 0.844574 0.535135 1.577100 0.000000 0.000000 0.000000 1.000000
0.989794 -0.096469 0.104892 0.000000 0.140381 0.533293 -0.834201 9.226300 0.024537 0.840412 0.541392 1.577100 0.000000 0.000000 0.000000 1.000000
0.989024 -0.104288 0.104668 0.000000 0.144637 0.538624 -0.830039 9.226300 0.030186 0.836067 0.547796 1.577100 0.000000 0.000000 0.000000 1.000000
0.988116 -0.113119 0.104069 -0.000000 0.149481 0.549489 -0.822020 9.226300 0.035801 0.827808 0.559869 1.577100 0.000000 0.000000 0.000000 1.000000</float_array><technique_common><accessor source="#Spine-Matrix-animation-output-transform-array" count="31" stride="16"><param type="float4x4"/></accessor></technique_common></source><source id="Spine-Interpolations"><Name_array id="Spine-Interpolations-array" count="31">
 LINEAR LINEAR LINEAR LINEAR LINEAR LINEAR LINEAR LINEAR LINEAR LINEAR LINEAR
LINEAR LINEAR LINEAR LINEAR LINEAR LINEAR LINEAR LINEAR LINEAR LINEAR LINEAR LINEAR
LINEAR LINEAR LINEAR LINEAR LINEAR LINEAR LINEAR LINEAR</Name_array><technique_common><accessor source="#Spine-Interpolations-array" count="31"><param type="name"/></accessor></technique_common></source><sampler id="Spine-Matrix-animation-transform"><input semantic="INPUT" source="#Spine-Matrix-animation-input"/><input semantic="OUTPUT" source="#Spine-Matrix-animation-output-transform"/><input semantic="INTERPOLATION" source="#Spine-Interpolations"/></sampler><channel source="#Spine-Matrix-animation-transform" target="Spine/matrix"/></animation>
    <animation id="Spine1-anim" name="Spine1"><source id="Spine1-Matrix-animation-input"><float_array id="Spine1-Matrix-animation-input-array" count="31">

0.000000 0.033333 0.066667 0.100000 0.133333 0.166667 0.200000 0.233333 0.266667 0.300000 0.333333 0.366667 0.400000 0.433333 0.466667 0.500000
0.533333 0.566667 0.600000 0.633333 0.666667 0.700000 0.733333 0.766667 0.800000 0.833333 0.866667 0.900000 0.933333 0.966667 1.000000</float_array><technique_common><accessor source="#Spine1-Matrix-animation-input-array" count="31"><param name="TIME" type="float"/></accessor></technique_common></source><source id="Spine1-Matrix-animation-output-transform"><float_array id="Spine1-Matrix-animation-output-transform-array" count="496">

0.999787 -0.018541 0.009017 -0.000000 0.019337 0.994979 -0.098195 16.254000 -0.007151 0.098349 0.995126 -0.165600 0.000000 0.000000 0.000000 1.000000
0.999784 -0.018571 0.009304 0.000000 0.019394 0.994991 -0.098061 16.254000 -0.007437 0.098221 0.995137 -0.165600 0.000000 0.000000 0.000000 1.000000
0.999790 -0.018172 0.009423 -0.000000 0.019017 0.994904 -0.099021 16.254000 -0.007575 0.099180 0.995041 -0.165600 0.000000 0.000000 0.000000 1.000000
0.999800 -0.017797 0.009124 -0.000000 0.018619 0.994835 -0.099781 16.254000 -0.007301 0.099931 0.994968 -0.165600 0.000000 0.000000 0.000000 1.000000
0.999806 -0.017016 0.009910 0.000000 0.017927 0.994758 -0.100673 16.254000 -0.008145 0.100831 0.994870 -0.165600 0.000000 0.000000 0.000000 1.000000
0.999805 -0.016643 0.010647 -0.000000 0.017655 0.994488 -0.103358 16.254000 -0.008868 0.103525 0.994587 -0.165600 0.000000 0.000000 0.000000 1.000000
0.999810 -0.015353 0.011984 -0.000000 0.016563 0.993964 -0.108450 16.254000 -0.010246 0.108627 0.994030 -0.165600 0.000000 0.000000 0.000000 1.000000
0.999825 -0.013631 0.012776 -0.000000 0.014991 0.993453 -0.113253 16.254000 -0.011149 0.113425 0.993484 -0.165600 0.000000 0.000000 0.000000 1.000000
0.999865 -0.011830 0.011405 0.000000 0.013048 0.993455 -0.113474 16.254000 -0.009988 0.113607 0.993476 -0.165600 0.000000 0.000000 0.000000 1.000000
0.999899 -0.010138 0.009955 0.000000 0.011156 0.994070 -0.108168 16.254000 -0.008799 0.108268 0.994083 -0.165600 0.000000 0.000000 0.000000 1.000000
0.999918 -0.008245 0.009807 -0.000000 0.009232 0.994397 -0.105310 16.254000 -0.008884 0.105392 0.994391 -0.165600 0.000000 0.000000 0.000000 1.000000
0.999932 -0.001858 0.011529 0.000000 0.003013 0.994884 -0.100980 16.254000 -0.011283 0.101008 0.994822 -0.165600 0.000000 0.000000 0.000000 1.000000
0.999875 0.007700 0.013824 0.000000 -0.006292 0.995050 -0.099176 16.254000 -0.014519 0.099076 0.994974 -0.165600 0.000000 0.000000 0.000000 1.000000
0.999752 0.015203 0.016256 0.000000 -0.013493 0.994839 -0.100564 16.254000 -0.017701 0.100319 0.994798 -0.165600 0.000000 0.000000 0.000000 1.000000
0.999577 0.022476 0.018480 -0.000000 -0.020424 0.994306 -0.104584 16.254000 -0.020725 0.104162 0.994344 -0.165600 0.000000 0.000000 0.000000 1.000000
0.999391 0.028549 0.020060 0.000000 -0.026157 0.993501 -0.110779 16.254000 -0.023092 0.110187 0.993643 -0.165600 0.000000 0.000000 0.000000 1.000000
0.999164 0.035081 0.020989 0.000000 -0.032482 0.993013 -0.113450 16.254000 -0.024822 0.112674 0.993322 -0.165600 0.000000 0.000000 0.000000 1.000000
0.999025 0.038366 0.021861 -0.000000 -0.035536 0.992408 -0.117744 16.254000 -0.026212 0.116852 0.992803 -0.165600 0.000000 0.000000 0.000000 1.000000
0.999005 0.038216 0.022984 0.000000 -0.035124 0.991846 -0.122510 16.254000 -0.027479 0.121581 0.992201 -0.165600 0.000000 0.000000 0.000000 1.000000
0.999125 0.033600 0.024889 0.000000 -0.030239 0.991708 -0.124907 16.254000 -0.028880 0.124045 0.991856 -0.165600 0.000000 0.000000 0.000000 1.000000
0.999330 0.024598 0.027112 0.000000 -0.020932 0.991546 -0.128055 16.254000 -0.030033 0.127402 0.991396 -0.165600 0.000000 0.000000 0.000000 1.000000
0.999439 0.018524 0.027901 -0.000000 -0.014966 0.992325 -0.122746 16.254000 -0.029960 0.122259 0.992046 -0.165600 0.000000 0.000000 0.000000 1.000000
0.999562 0.012033 0.027029 0.000000 -0.008875 0.993438 -0.114025 16.254000 -0.028224 0.113735 0.993110 -0.165600 0.000000 0.000000 0.000000 1.000000
0.999737 0.004370 0.022517 0.000000 -0.001837 0.993786 -0.111296 16.254000 -0.022864 0.111225 0.993532 -0.165600 0.000000 0.000000 0.000000 1.000000
0.999841 -0.002985 0.017600 0.000000 0.004914 0.993853 -0.110600 16.254000 -0.017161 0.110669 0.993709 -0.165600 0.000000 0.000000 0.000000 1.000000
0.999861 -0.007521 0.014854 0.000000 0.009080 0.994124 -0.107861 16.254000 -0.013955 0.107981 0.994055 -0.165600 0.000000 0.000000 0.000000 1.000000
0.999864 -0.008783 0.013930 -0.000000 0.010194 0.994452 -0.104694 16.254000 -0.012934 0.104822 0.994407 -0.165600 0.000000 0.000000 0.000000 1.000000
0.999870 -0.009674 0.012882 0.000000 0.010907 0.994990 -0.099381 16.254000 -0.011856 0.099509 0.994966 -0.165600 0.000000 0.000000 0.000000 1.000000
0.999858 -0.012247 0.011568 0.000000 0.013342 0.994915 -0.099834 16.254000 -0.010287 0.099974 0.994937 -0.165600 0.000000 0.000000 0.000000 1.000000
0.999827 -0.015545 0.010223 0.000000 0.016477 0.994999 -0.098517 16.254000 -0.008641 0.098669 0.995083 -0.165600 0.000000 0.000000 0.000000 1.000000
0.999787 -0.018541 0.009017 0.000000 0.019337 0.994979 -0.098195 16.254000 -0.007151 0.098349 0.995126 -0.165600 0.000000 0.000000 0.000000 1.000000</float_array><technique_common><accessor source="#Spine1-Matrix-animation-output-transform-array" count="31" stride="16"><param type="float4x4"/></accessor></technique_common></source><source id="Spine1-Interpolations"><Name_array id="Spine1-Interpolations-array" count="31">
 LINEAR LINEAR LINEAR LINEAR LINEAR LINEAR LINEAR LINEAR LINEAR LINEAR LINEAR
LINEAR LINEAR LINEAR LINEAR LINEAR LINEAR LINEAR LINEAR LINEAR LINEAR LINEAR LINEAR
LINEAR LINEAR LINEAR LINEAR LINEAR LINEAR LINEAR LINEAR</Name_array><technique_common><accessor source="#Spine1-Interpolations-array" count="31"><param type="name"/></accessor></technique_common></source><sampler id="Spine1-Matrix-animation-transform"><input semantic="INPUT" source="#Spine1-Matrix-animation-input"/><input semantic="OUTPUT" source="#Spine1-Matrix-animation-output-transform"/><input semantic="INTERPOLATION" source="#Spine1-Interpolations"/></sampler><channel source="#Spine1-Matrix-animation-transform" target="Spine1/matrix"/></animation>
    <animation id="Spine2-anim" name="Spine2"><source id="Spine2-Matrix-animation-input"><float_array id="Spine2-Matrix-animation-input-array" count="31">

0.000000 0.033333 0.066667 0.100000 0.133333 0.166667 0.200000 0.233333 0.266667 0.300000 0.333333 0.366667 0.400000 0.433333 0.466667 0.500000
0.533333 0.566667 0.600000 0.633333 0.666667 0.700000 0.733333 0.766667 0.800000 0.833333 0.866667 0.900000 0.933333 0.966667 1.000000</float_array><technique_common><accessor source="#Spine2-Matrix-animation-input-array" count="31"><param name="TIME" type="float"/></accessor></technique_common></source><source id="Spine2-Matrix-animation-output-transform"><float_array id="Spine2-Matrix-animation-output-transform-array" count="496">

0.999794 -0.018023 0.009305 0.000000 0.018851 0.994979 -0.098291 13.639600 -0.007486 0.098446 0.995114 -1.292300 0.000000 0.000000 0.000000 1.000000
0.999793 -0.017974 0.009566 -0.000000 0.018827 0.994993 -0.098156 13.639600 -0.007754 0.098316 0.995125 -1.292300 0.000000 0.000000 0.000000 1.000000
0.999801 -0.017527 0.009575 -0.000000 0.018390 0.994906 -0.099112 13.639600 -0.007789 0.099268 0.995030 -1.292300 0.000000 0.000000 0.000000 1.000000
0.999811 -0.017185 0.009142 0.000000 0.018013 0.994838 -0.099868 13.639600 -0.007379 0.100014 0.994959 -1.292300 0.000000 0.000000 0.000000 1.000000
0.999820 -0.016269 0.009759 0.000000 0.017171 0.994762 -0.100764 13.639600 -0.008069 0.100914 0.994862 -1.292300 0.000000 0.000000 0.000000 1.000000
0.999821 -0.015788 0.010406 0.000000 0.016781 0.994493 -0.103455 13.639600 -0.008716 0.103611 0.994580 -1.292300 0.000000 0.000000 0.000000 1.000000
0.999831 -0.014312 0.011514 -0.000000 0.015478 0.993969 -0.108564 13.639600 -0.009891 0.108724 0.994023 -1.292300 0.000000 0.000000 0.000000 1.000000
0.999850 -0.012466 0.012048 -0.000000 0.013753 0.993455 -0.113394 13.639600 -0.010555 0.113543 0.993477 -1.292300 0.000000 0.000000 0.000000 1.000000
0.999887 -0.010806 0.010440 0.000000 0.011923 0.993453 -0.113617 13.639600 -0.009144 0.113729 0.993470 -1.292300 0.000000 0.000000 0.000000 1.000000
0.999918 -0.009243 0.008855 -0.000000 0.010148 0.994066 -0.108302 13.639600 -0.007801 0.108383 0.994079 -1.292300 0.000000 0.000000 0.000000 1.000000
0.999937 -0.007413 0.008484 0.000000 0.008266 0.994392 -0.105435 13.639600 -0.007655 0.105499 0.994390 -1.292300 0.000000 0.000000 0.000000 1.000000
0.999957 -0.000849 0.009268 0.000000 0.001782 0.994870 -0.101144 13.639600 -0.009135 0.101157 0.994829 -1.292300 0.000000 0.000000 0.000000 1.000000
0.999908 0.008984 0.010190 0.000000 -0.007926 0.995013 -0.099426 13.639600 -0.011032 0.099336 0.994993 -1.292300 0.000000 0.000000 0.000000 1.000000
0.999791 0.016810 0.011675 0.000000 -0.015547 0.994771 -0.100938 13.639600 -0.013310 0.100736 0.994824 -1.292300 0.000000 0.000000 0.000000 1.000000
0.999620 0.024319 0.012968 0.000000 -0.022824 0.994201 -0.105087 13.639600 -0.015449 0.104751 0.994379 -1.292300 0.000000 0.000000 0.000000 1.000000
0.999439 0.030512 0.013819 0.000000 -0.028786 0.993358 -0.111403 13.639600 -0.017126 0.110943 0.993679 -1.292300 0.000000 0.000000 0.000000 1.000000
0.999211 0.037157 0.014036 0.000000 -0.035316 0.992829 -0.114209 13.639600 -0.018179 0.113623 0.993358 -1.292300 0.000000 0.000000 0.000000 1.000000
0.999072 0.040501 0.014629 0.000000 -0.038486 0.992198 -0.118584 13.639600 -0.019317 0.117911 0.992836 -1.292300 0.000000 0.000000 0.000000 1.000000
0.999060 0.040348 0.015833 -0.000000 -0.038095 0.991639 -0.123295 13.639600 -0.020676 0.122576 0.992244 -1.292300 0.000000 0.000000 0.000000 1.000000
0.999188 0.035848 0.018375 0.000000 -0.033264 0.991526 -0.125575 13.639600 -0.022721 0.124862 0.991914 -1.292300 0.000000 0.000000 0.000000 1.000000
0.999403 0.026918 0.021643 0.000000 -0.023920 0.991420 -0.128507 13.639600 -0.024917 0.127912 0.991472 -1.292300 0.000000 0.000000 0.000000 1.000000
0.999520 0.020958 0.022824 0.000000 -0.017995 0.992233 -0.123083 13.639600 -0.025226 0.122613 0.992134 -1.292300 0.000000 0.000000 0.000000 1.000000
0.999641 0.014446 0.022558 0.000000 -0.011777 0.993380 -0.114268 13.639600 -0.024059 0.113961 0.993194 -1.292300 0.000000 0.000000 0.000000 1.000000
0.999798 0.006275 0.019111 -0.000000 -0.004107 0.993763 -0.111434 13.639600 -0.019691 0.111333 0.993588 -1.292300 0.000000 0.000000 0.000000 1.000000
0.999882 -0.001674 0.015244 0.000000 0.003351 0.993851 -0.110679 13.639600 -0.014965 0.110717 0.993739 -1.292300 0.000000 0.000000 0.000000 1.000000
0.999892 -0.006583 0.013125 0.000000 0.007962 0.994128 -0.107921 13.639600 -0.012338 0.108014 0.994073 -1.292300 0.000000 0.000000 0.000000 1.000000
0.999892 -0.007951 0.012384 0.000000 0.009206 0.994456 -0.104754 13.639600 -0.011483 0.104857 0.994421 -1.292300 0.000000 0.000000 0.000000 1.000000
0.999894 -0.008935 0.011519 0.000000 0.010037 0.994992 -0.099447 13.639600 -0.010573 0.099552 0.994976 -1.292300 0.000000 0.000000 0.000000 1.000000
0.999876 -0.011575 0.010708 -0.000000 0.012588 0.994917 -0.099913 13.639600 -0.009497 0.100036 0.994939 -1.292300 0.000000 0.000000 0.000000 1.000000
0.999839 -0.014943 0.009966 0.000000 0.015854 0.995000 -0.098608 13.639600 -0.008442 0.098750 0.995076 -1.292300 0.000000 0.000000 0.000000 1.000000
0.999794 -0.018023 0.009305 0.000000 0.018851 0.994979 -0.098291 13.639600 -0.007487 0.098446 0.995114 -1.292300 0.000000 0.000000 0.000000 1.000000</float_array><technique_common><accessor source="#Spine2-Matrix-animation-output-transform-array" count="31" stride="16"><param type="float4x4"/></accessor></technique_common></source><source id="Spine2-Interpolations"><Name_array id="Spine2-Interpolations-array" count="31">
 LINEAR LINEAR LINEAR LINEAR LINEAR LINEAR LINEAR LINEAR LINEAR LINEAR LINEAR
LINEAR LINEAR LINEAR LINEAR LINEAR LINEAR LINEAR LINEAR LINEAR LINEAR LINEAR LINEAR
LINEAR LINEAR LINEAR LINEAR LINEAR LINEAR LINEAR LINEAR</Name_array><technique_common><accessor source="#Spine2-Interpolations-array" count="31"><param type="name"/></accessor></technique_common></source><sampler id="Spine2-Matrix-animation-transform"><input semantic="INPUT" source="#Spine2-Matrix-animation-input"/><input semantic="OUTPUT" source="#Spine2-Matrix-animation-output-transform"/><input semantic="INTERPOLATION" source="#Spine2-Interpolations"/></sampler><channel source="#Spine2-Matrix-animation-transform" target="Spine2/matrix"/></animation>
    <animation id="Neck-anim" name="Neck"><source id="Neck-Matrix-animation-input"><float_array id="Neck-Matrix-animation-input-array" count="31">

0.000000 0.033333 0.066667 0.100000 0.133333 0.166667 0.200000 0.233333 0.266667 0.300000 0.333333 0.366667 0.400000 0.433333 0.466667 0.500000
0.533333 0.566667 0.600000 0.633333 0.666667 0.700000 0.733333 0.766667 0.800000 0.833333 0.866667 0.900000 0.933333 0.966667 1.000000</float_array><technique_common><accessor source="#Neck-Matrix-animation-input-array" count="31"><param name="TIME" type="float"/></accessor></technique_common></source><source id="Neck-Matrix-animation-output-transform"><float_array id="Neck-Matrix-animation-output-transform-array" count="496">

0.999551 0.018077 0.023897 0.000000 -0.024096 0.958992 0.282406 13.877400 -0.017812 -0.282855 0.958997 -4.354200 0.000000 0.000000 0.000000 1.000000
0.999702 0.010534 0.022027 0.000000 -0.016200 0.961138 0.275592 13.877400 -0.018268 -0.275867 0.961022 -4.354200 0.000000 0.000000 0.000000 1.000000
0.999759 0.007151 0.020766 0.000000 -0.012566 0.961700 0.273815 13.877400 -0.018013 -0.274010 0.961558 -4.354200 0.000000 0.000000 0.000000 1.000000
0.999784 0.006341 0.019813 0.000000 -0.011539 0.961507 0.274538 13.877400 -0.017309 -0.274708 0.961372 -4.354200 0.000000 0.000000 0.000000 1.000000
0.999854 0.002106 0.016952 0.000000 -0.006652 0.962045 0.272811 13.877400 -0.015734 -0.272884 0.961918 -4.354200 0.000000 0.000000 0.000000 1.000000
0.999865 0.001994 0.016334 0.000000 -0.006378 0.961995 0.272994 13.877400 -0.015169 -0.273061 0.961877 -4.354200 0.000000 0.000000 0.000000 1.000000
0.999874 0.001753 0.015791 0.000000 -0.005996 0.962047 0.272819 13.877400 -0.014713 -0.272879 0.961936 -4.354200 0.000000 0.000000 0.000000 1.000000
0.999888 0.000382 0.014980 0.000000 -0.004465 0.961849 0.273545 13.877400 -0.014304 -0.273581 0.961743 -4.354200 0.000000 0.000000 0.000000 1.000000
0.999903 -0.002922 0.013649 -0.000000 -0.000935 0.961623 0.274373 13.877400 -0.013927 -0.274359 0.961526 -4.354200 0.000000 0.000000 0.000000 1.000000
0.999905 -0.003702 0.013289 -0.000000 -0.000226 0.958780 0.284149 13.877400 -0.013793 -0.284125 0.958688 -4.354200 0.000000 0.000000 0.000000 1.000000
0.999852 0.003701 0.016791 -0.000000 -0.008406 0.957105 0.289618 13.877400 -0.014999 -0.289716 0.956995 -4.354200 0.000000 0.000000 0.000000 1.000000
0.999882 0.000505 0.015323 -0.000000 -0.004831 0.958915 0.283654 13.877400 -0.014550 -0.283694 0.958804 -4.354200 0.000000 0.000000 0.000000 1.000000
0.999916 -0.004166 0.012234 -0.000000 0.000527 0.958977 0.283484 13.877400 -0.012913 -0.283453 0.958899 -4.354200 0.000000 0.000000 0.000000 1.000000
0.999927 -0.000770 0.012082 0.000000 -0.002693 0.958824 0.283988 13.877400 -0.011803 -0.284000 0.958752 -4.354200 0.000000 0.000000 0.000000 1.000000
0.999886 0.005689 0.013977 0.000000 -0.009424 0.958798 0.283933 13.877400 -0.011786 -0.284032 0.958742 -4.354200 0.000000 0.000000 0.000000 1.000000
0.999772 0.012851 0.017036 0.000000 -0.017100 0.960048 0.279312 13.877400 -0.012766 -0.279540 0.960049 -4.354200 0.000000 0.000000 0.000000 1.000000
0.999691 0.016250 0.018818 -0.000000 -0.020748 0.962284 0.271255 13.877400 -0.013700 -0.271562 0.962323 -4.354200 0.000000 0.000000 0.000000 1.000000
0.999569 0.020384 0.021104 0.000000 -0.025245 0.964040 0.264554 13.877400 -0.014952 -0.264973 0.964140 -4.354200 0.000000 0.000000 0.000000 1.000000
0.999448 0.023521 0.023460 -0.000000 -0.028896 0.963920 0.264620 13.877400 -0.016390 -0.265152 0.964067 -4.354200 0.000000 0.000000 0.000000 1.000000
0.999395 0.024743 0.024423 0.000000 -0.030217 0.965621 0.258193 13.877400 -0.017195 -0.258775 0.965785 -4.354200 0.000000 0.000000 0.000000 1.000000
0.999408 0.024000 0.024661 0.000000 -0.029482 0.966777 0.253917 13.877400 -0.017748 -0.254494 0.966912 -4.354200 0.000000 0.000000 0.000000 1.000000
0.999520 0.020421 0.023287 -0.000000 -0.025882 0.963676 0.265818 13.877400 -0.017013 -0.266293 0.963742 -4.354200 0.000000 0.000000 0.000000 1.000000
0.999621 0.016530 0.022005 -0.000000 -0.021871 0.962463 0.270531 13.877400 -0.016707 -0.270910 0.962460 -4.354200 0.000000 0.000000 0.000000 1.000000
0.999704 0.011671 0.021339 0.000000 -0.017034 0.962213 0.271765 13.877400 -0.017361 -0.272048 0.962127 -4.354200 0.000000 0.000000 0.000000 1.000000
0.999767 0.007423 0.020248 -0.000000 -0.012627 0.962610 0.270596 13.877400 -0.017482 -0.270789 0.962480 -4.354200 0.000000 0.000000 0.000000 1.000000
0.999746 0.006934 0.021427 0.000000 -0.012459 0.962859 0.269718 13.877400 -0.018761 -0.269916 0.962701 -4.354200 0.000000 0.000000 0.000000 1.000000
0.999720 0.009067 0.021875 -0.000000 -0.014674 0.962248 0.271777 13.877400 -0.018585 -0.272022 0.962111 -4.354200 0.000000 0.000000 0.000000 1.000000
0.999661 0.013069 0.022504 0.000000 -0.018602 0.963583 0.266762 13.877400 -0.018198 -0.267090 0.963500 -4.354200 0.000000 0.000000 0.000000 1.000000
0.999664 0.014019 0.021809 0.000000 -0.019465 0.961481 0.274180 13.877400 -0.017126 -0.274513 0.961431 -4.354200 0.000000 0.000000 0.000000 1.000000
0.999688 0.012873 0.021404 -0.000000 -0.018323 0.960344 0.278216 13.877400 -0.016974 -0.278521 0.960280 -4.354200 0.000000 0.000000 0.000000 1.000000
0.999551 0.018077 0.023897 0.000000 -0.024096 0.958992 0.282406 13.877400 -0.017812 -0.282855 0.958997 -4.354200 0.000000 0.000000 0.000000 1.000000</float_array><technique_common><accessor source="#Neck-Matrix-animation-output-transform-array" count="31" stride="16"><param type="float4x4"/></accessor></technique_common></source><source id="Neck-Interpolations"><Name_array id="Neck-Interpolations-array" count="31">
 LINEAR LINEAR LINEAR LINEAR LINEAR LINEAR LINEAR LINEAR LINEAR LINEAR LINEAR
LINEAR LINEAR LINEAR LINEAR LINEAR LINEAR LINEAR LINEAR LINEAR LINEAR LINEAR LINEAR
LINEAR LINEAR LINEAR LINEAR LINEAR LINEAR LINEAR LINEAR</Name_array><technique_common><accessor source="#Neck-Interpolations-array" count="31"><param type="name"/></accessor></technique_common></source><sampler id="Neck-Matrix-animation-transform"><input semantic="INPUT" source="#Neck-Matrix-animation-input"/><input semantic="OUTPUT" source="#Neck-Matrix-animation-output-transform"/><input semantic="INTERPOLATION" source="#Neck-Interpolations"/></sampler><channel source="#Neck-Matrix-animation-transform" target="Neck/matrix"/></animation>
    <animation id="Neck1-anim" name="Neck1"><source id="Neck1-Matrix-animation-input"><float_array id="Neck1-Matrix-animation-input-array" count="31">

0.000000 0.033333 0.066667 0.100000 0.133333 0.166667 0.200000 0.233333 0.266667 0.300000 0.333333 0.366667 0.400000 0.433333 0.466667 0.500000
0.533333 0.566667 0.600000 0.633333 0.666667 0.700000 0.733333 0.766667 0.800000 0.833333 0.866667 0.900000 0.933333 0.966667 1.000000</float_array><technique_common><accessor source="#Neck1-Matrix-animation-input-array" count="31"><param name="TIME" type="float"/></accessor></technique_common></source><source id="Neck1-Matrix-animation-output-transform"><float_array id="Neck1-Matrix-animation-output-transform-array" count="496">

1.000000 -0.000000 0.000000 0.000000 0.000000 1.000000 0.000000 4.340000 0.000000 0.000000 1.000000 0.926900 0.000000 0.000000 0.000000 1.000000
1.000000 -0.000000 0.000000 0.000000 0.000000 1.000000 0.000000 4.340000 0.000000 -0.000000 1.000000 0.926900 0.000000 0.000000 0.000000 1.000000
1.000000 -0.000000 0.000000 0.000000 -0.000000 1.000000 -0.000000 4.340000 0.000000 0.000000 1.000000 0.926900 0.000000 0.000000 0.000000 1.000000
1.000000 0.000000 0.000000 -0.000000 -0.000000 1.000000 -0.000000 4.340000 -0.000000 -0.000000 1.000000 0.926900 0.000000 0.000000 0.000000 1.000000
1.000000 -0.000000 0.000000 0.000000 0.000000 1.000000 0.000000 4.340000 -0.000000 0.000000 1.000000 0.926900 0.000000 0.000000 0.000000 1.000000
1.000000 -0.000000 0.000000 0.000000 -0.000000 1.000000 -0.000000 4.340000 -0.000000 0.000000 1.000000 0.926900 0.000000 0.000000 0.000000 1.000000
1.000000 0.000000 0.000000 0.000000 0.000000 1.000000 -0.000000 4.340000 -0.000000 -0.000000 1.000000 0.926900 0.000000 0.000000 0.000000 1.000000
1.000000 0.000000 0.000000 -0.000000 0.000000 1.000000 0.000000 4.340000 0.000000 0.000000 1.000000 0.926900 0.000000 0.000000 0.000000 1.000000
1.000000 0.000000 -0.000000 -0.000000 -0.000000 1.000000 -0.000000 4.340000 0.000000 0.000000 1.000000 0.926900 0.000000 0.000000 0.000000 1.000000
1.000000 0.000000 -0.000000 0.000000 -0.000000 1.000000 -0.000000 4.340000 0.000000 -0.000000 1.000000 0.926900 0.000000 0.000000 0.000000 1.000000
1.000000 -0.000000 0.000000 0.000000 0.000000 1.000000 0.000000 4.340000 0.000000 0.000000 1.000000 0.926900 0.000000 0.000000 0.000000 1.000000
1.000000 0.000000 0.000000 0.000000 0.000000 1.000000 0.000000 4.340000 -0.000000 0.000000 1.000000 0.926900 0.000000 0.000000 0.000000 1.000000
1.000000 -0.000000 0.000000 0.000000 0.000000 1.000000 0.000000 4.340000 0.000000 0.000000 1.000000 0.926900 0.000000 0.000000 0.000000 1.000000
1.000000 -0.000000 0.000000 0.000000 -0.000000 1.000000 -0.000000 4.340000 0.000000 0.000000 1.000000 0.926900 0.000000 0.000000 0.000000 1.000000
1.000000 0.000000 -0.000000 -0.000000 0.000000 1.000000 0.000000 4.340000 0.000000 -0.000000 1.000000 0.926900 0.000000 0.000000 0.000000 1.000000
1.000000 0.000000 0.000000 -0.000000 -0.000000 1.000000 0.000000 4.340000 -0.000000 -0.000000 1.000000 0.926900 0.000000 0.000000 0.000000 1.000000
1.000000 0.000000 -0.000000 -0.000000 0.000000 1.000000 -0.000000 4.340000 0.000000 0.000000 1.000000 0.926900 0.000000 0.000000 0.000000 1.000000
1.000000 0.000000 -0.000000 0.000000 -0.000000 1.000000 0.000000 4.340000 -0.000000 0.000000 1.000000 0.926900 0.000000 0.000000 0.000000 1.000000
1.000000 0.000000 0.000000 0.000000 -0.000000 1.000000 0.000000 4.340000 -0.000000 0.000000 1.000000 0.926900 0.000000 0.000000 0.000000 1.000000
1.000000 0.000000 0.000000 0.000000 0.000000 1.000000 0.000000 4.340000 0.000000 -0.000000 1.000000 0.926900 0.000000 0.000000 0.000000 1.000000
1.000000 0.000000 0.000000 0.000000 0.000000 1.000000 0.000000 4.340000 0.000000 0.000000 1.000000 0.926900 0.000000 0.000000 0.000000 1.000000
1.000000 0.000000 -0.000000 -0.000000 0.000000 1.000000 -0.000000 4.340000 0.000000 0.000000 1.000000 0.926900 0.000000 0.000000 0.000000 1.000000
1.000000 0.000000 0.000000 -0.000000 0.000000 1.000000 0.000000 4.340000 -0.000000 0.000000 1.000000 0.926900 0.000000 0.000000 0.000000 1.000000
1.000000 -0.000000 -0.000000 0.000000 0.000000 1.000000 0.000000 4.340000 -0.000000 0.000000 1.000000 0.926900 0.000000 0.000000 0.000000 1.000000
1.000000 0.000000 0.000000 0.000000 -0.000000 1.000000 -0.000000 4.340000 0.000000 0.000000 1.000000 0.926900 0.000000 0.000000 0.000000 1.000000
1.000000 0.000000 0.000000 0.000000 -0.000000 1.000000 0.000000 4.340000 0.000000 0.000000 1.000000 0.926900 0.000000 0.000000 0.000000 1.000000
1.000000 0.000000 0.000000 0.000000 -0.000000 1.000000 0.000000 4.340000 0.000000 0.000000 1.000000 0.926900 0.000000 0.000000 0.000000 1.000000
1.000000 -0.000000 -0.000000 0.000000 0.000000 1.000000 0.000000 4.340000 0.000000 0.000000 1.000000 0.926900 0.000000 0.000000 0.000000 1.000000
1.000000 0.000000 0.000000 -0.000000 0.000000 1.000000 -0.000000 4.340000 -0.000000 -0.000000 1.000000 0.926900 0.000000 0.000000 0.000000 1.000000
1.000000 0.000000 0.000000 0.000000 0.000000 1.000000 0.000000 4.340000 -0.000000 -0.000000 1.000000 0.926900 0.000000 0.000000 0.000000 1.000000
1.000000 0.000000 -0.000000 0.000000 0.000000 1.000000 0.000000 4.340000 0.000000 0.000000 1.000000 0.926900 0.000000 0.000000 0.000000 1.000000</float_array><technique_common><accessor source="#Neck1-Matrix-animation-output-transform-array" count="31" stride="16"><param type="float4x4"/></accessor></technique_common></source><source id="Neck1-Interpolations"><Name_array id="Neck1-Interpolations-array" count="31">
 LINEAR LINEAR LINEAR LINEAR LINEAR LINEAR LINEAR LINEAR LINEAR LINEAR LINEAR
LINEAR LINEAR LINEAR LINEAR LINEAR LINEAR LINEAR LINEAR LINEAR LINEAR LINEAR LINEAR
LINEAR LINEAR LINEAR LINEAR LINEAR LINEAR LINEAR LINEAR</Name_array><technique_common><accessor source="#Neck1-Interpolations-array" count="31"><param type="name"/></accessor></technique_common></source><sampler id="Neck1-Matrix-animation-transform"><input semantic="INPUT" source="#Neck1-Matrix-animation-input"/><input semantic="OUTPUT" source="#Neck1-Matrix-animation-output-transform"/><input semantic="INTERPOLATION" source="#Neck1-Interpolations"/></sampler><channel source="#Neck1-Matrix-animation-transform" target="Neck1/matrix"/></animation>
    <animation id="Head-anim" name="Head"><source id="Head-Matrix-animation-input"><float_array id="Head-Matrix-animation-input-array" count="31">

0.000000 0.033333 0.066667 0.100000 0.133333 0.166667 0.200000 0.233333 0.266667 0.300000 0.333333 0.366667 0.400000 0.433333 0.466667 0.500000
0.533333 0.566667 0.600000 0.633333 0.666667 0.700000 0.733333 0.766667 0.800000 0.833333 0.866667 0.900000 0.933333 0.966667 1.000000</float_array><technique_common><accessor source="#Head-Matrix-animation-input-array" count="31"><param name="TIME" type="float"/></accessor></technique_common></source><source id="Head-Matrix-animation-output-transform"><float_array id="Head-Matrix-animation-output-transform-array" count="496">

0.977096 -0.194028 0.087391 -0.000000 0.186741 0.978718 0.085077 4.026600 -0.102039 -0.066809 0.992534 0.858500 0.000000 0.000000 0.000000 1.000000
0.977803 -0.188256 0.091980 -0.000000 0.181333 0.980272 0.078651 4.026600 -0.104972 -0.060226 0.992650 0.858500 0.000000 0.000000 0.000000 1.000000
0.978876 -0.182287 0.092589 0.000000 0.176199 0.981848 0.070208 4.026600 -0.103707 -0.052411 0.993226 0.858500 0.000000 0.000000 0.000000 1.000000
0.978590 -0.184458 0.091311 0.000000 0.179073 0.981746 0.064087 4.026600 -0.101465 -0.046364 0.993758 0.858500 0.000000 0.000000 0.000000 1.000000
0.979490 -0.182693 0.084989 0.000000 0.177900 0.982158 0.060974 4.026600 -0.094612 -0.044604 0.994514 0.858500 0.000000 0.000000 0.000000 1.000000
0.979800 -0.182230 0.082364 0.000000 0.177473 0.982180 0.061854 4.026600 -0.092168 -0.045987 0.994681 0.858500 0.000000 0.000000 0.000000 1.000000
