<?xml version="1.0" encoding="utf-8"?>
<COLLADA xmlns="http://www.collada.org/2005/11/COLLADASchema" version="1.4.1">
  <asset><contributor><author>Mixamo</author><authoring_tool>COLLADA Mixamo exporter</authoring_tool><comments></comments></contributor><created>2018-10-12T16:36:49Z</created><modified>2018-10-12T16:36:49Z</modified><revision></revision><title></title><unit meter="0.010000"/><up_axis>Y_UP</up_axis></asset>
  <library_animations>
    <animation id="Hips-anim" name="Hips"><source id="Hips-Matrix-animation-input"><float_array id="Hips-Matrix-animation-input-array" count="53">

0.000000 0.033333 0.066667 0.100000 0.133333 0.166667 0.200000 0.233333 0.266667 0.300000 0.333333 0.366667 0.400000 0.433333 0.466667 0.500000
0.533333 0.566667 0.600000 0.633333 0.666667 0.700000 0.733333 0.766667 0.800000 0.833333 0.866667 0.900000 0.933333 0.966667 1.000000 1.033333
1.066667 1.100000 1.133333 1.166667 1.200000 1.233333 1.266667 1.300000 1.333333 1.366667 1.400000 1.433333 1.466667 1.500000 1.533333 1.566667
1.600000 1.633333 1.666667 1.700000 1.733333</float_array><technique_common><accessor source="#Hips-Matrix-animation-input-array" count="53"><param name="TIME" type="float"/></accessor></technique_common></source><source id="Hips-Matrix-animation-output-transform"><float_array id="Hips-Matrix-animation-output-transform-array" count="848">

0.994028 0.060102 -0.091083 0.025203 -0.054267 0.996393 0.065244 95.578423 0.094676 -0.059912 0.993704 0.011891 0.000000 0.000000 0.000000 1.000000
0.994058 0.060081 -0.090765 0.023795 -0.054274 0.996399 0.065145 95.571312 0.094352 -0.059832 0.993739 0.046967 0.000000 0.000000 0.000000 1.000000
0.994076 0.060311 -0.090423 0.017197 -0.054611 0.996439 0.064239 95.561867 0.093975 -0.058920 0.993829 0.086708 0.000000 0.000000 0.000000 1.000000
0.994068 0.060763 -0.090204 0.006427 -0.055271 0.996533 0.062185 95.549683 0.093670 -0.056831 0.993980 0.128465 0.000000 0.000000 0.000000 1.000000
0.994055 0.061244 -0.090018 -0.006236 -0.056047 0.996673 0.059169 95.536499 0.093342 -0.053772 0.994181 0.172197 0.000000 0.000000 0.000000 1.000000
0.994085 0.061558 -0.089474 -0.019731 -0.056716 0.996836 0.055692 95.522171 0.092619 -0.050288 0.994431 0.220466 0.000000 0.000000 0.000000 1.000000
0.994195 0.061723 -0.088123 -0.034153 -0.057261 0.996988 0.052299 95.506363 0.091086 -0.046949 0.994736 0.277568 0.000000 0.000000 0.000000 1.000000
0.994399 0.061823 -0.085727 -0.049582 -0.057725 0.997106 0.049479 95.486565 0.088538 -0.044254 0.995089 0.345666 0.000000 0.000000 0.000000 1.000000
0.994667 0.061934 -0.082473 -0.064197 -0.058140 0.997171 0.047640 95.463135 0.085190 -0.042591 0.995454 0.420900 0.000000 0.000000 0.000000 1.000000
0.994954 0.061988 -0.078894 -0.072863 -0.058394 0.997183 0.047081 95.438828 0.081590 -0.042237 0.995771 0.496597 0.000000 0.000000 0.000000 1.000000
0.995222 0.061810 -0.075585 -0.070210 -0.058296 0.997152 0.047846 95.414948 0.078327 -0.043211 0.995991 0.569692 0.000000 0.000000 0.000000 1.000000
0.995437 0.061399 -0.073039 -0.057289 -0.057870 0.997097 0.049487 95.390427 0.075865 -0.045034 0.996101 0.640462 0.000000 0.000000 0.000000 1.000000
0.995585 0.060932 -0.071401 -0.040275 -0.057334 0.997031 0.051396 95.364143 0.074321 -0.047075 0.996123 0.706915 0.000000 0.000000 0.000000 1.000000
0.995687 0.060477 -0.070350 -0.023371 -0.056780 0.996956 0.053421 95.336853 0.073366 -0.049196 0.996091 0.763128 0.000000 0.000000 0.000000 1.000000
0.995777 0.060012 -0.069478 -0.008123 -0.056194 0.996867 0.055661 95.311424 0.072600 -0.051522 0.996029 0.804934 0.000000 0.000000 0.000000 1.000000
0.995851 0.059636 -0.068737 0.004031 -0.055692 0.996766 0.057937 95.292107 0.071969 -0.053868 0.995951 0.832114 0.000000 0.000000 0.000000 1.000000
0.995884 0.059520 -0.068354 0.012483 -0.055454 0.996662 0.059913 95.281822 0.071692 -0.055876 0.995861 0.843295 0.000000 0.000000 0.000000 1.000000
0.995872 0.059628 -0.068440 0.018391 -0.055444 0.996567 0.061487 95.278099 0.071871 -0.057438 0.995759 0.833581 0.000000 0.000000 0.000000 1.000000
0.995843 0.059768 -0.068735 0.022415 -0.055476 0.996487 0.062741 95.273010 0.072243 -0.058667 0.995660 0.801204 0.000000 0.000000 0.000000 1.000000
0.995845 0.059754 -0.068719 0.022931 -0.055394 0.996431 0.063686 95.265549 0.072279 -0.059615 0.995601 0.752453 0.000000 0.000000 0.000000 1.000000
0.995911 0.059471 -0.068010 0.019056 -0.055105 0.996404 0.064363 95.261665 0.071593 -0.060353 0.995606 0.695651 0.000000 0.000000 0.000000 1.000000
0.996023 0.059056 -0.066710 0.012801 -0.054726 0.996386 0.064968 95.264931 0.070306 -0.061059 0.995655 0.634127 0.000000 0.000000 0.000000 1.000000
0.996139 0.058694 -0.065289 0.005013 -0.054410 0.996363 0.065572 95.271400 0.068901 -0.061767 0.995710 0.566826 0.000000 0.000000 0.000000 1.000000
0.996217 0.058537 -0.064223 -0.006087 -0.054283 0.996336 0.066094 95.277382 0.067857 -0.062357 0.995744 0.494686 0.000000 0.000000 0.000000 1.000000
0.996242 0.058596 -0.063779 -0.020644 -0.054333 0.996297 0.066637 95.283768 0.067448 -0.062921 0.995737 0.422301 0.000000 0.000000 0.000000 1.000000
0.996219 0.058792 -0.063955 -0.034638 -0.054463 0.996235 0.067444 95.292000 0.067680 -0.063706 0.995671 0.352320 0.000000 0.000000 0.000000 1.000000
0.996168 0.058989 -0.064578 -0.042624 -0.054549 0.996159 0.068490 95.301277 0.068370 -0.064705 0.995560 0.282507 0.000000 0.000000 0.000000 1.000000
0.996104 0.059010 -0.065538 -0.042343 -0.054444 0.996102 0.069408 95.310875 0.069378 -0.065570 0.995433 0.210868 0.000000 0.000000 0.000000 1.000000
0.996036 0.058740 -0.066793 -0.036650 -0.054059 0.996091 0.069860 95.321335 0.070636 -0.065972 0.995318 0.139577 0.000000 0.000000 0.000000 1.000000
0.995969 0.058353 -0.068126 -0.032801 -0.053584 0.996117 0.069849 95.333267 0.071938 -0.065917 0.995229 0.071045 0.000000 0.000000 0.000000 1.000000
0.995898 0.058180 -0.069299 -0.037832 -0.053348 0.996143 0.069658 95.346367 0.073085 -0.065675 0.995161 0.006614 0.000000 0.000000 0.000000 1.000000
0.995805 0.058220 -0.070586 -0.049658 -0.053309 0.996152 0.069569 95.359634 0.074364 -0.065515 0.995077 -0.048486 0.000000 0.000000 0.000000 1.000000
0.995656 0.058347 -0.072556 -0.060153 -0.053307 0.996152 0.069563 95.372490 0.076336 -0.065394 0.994935 -0.089276 0.000000 0.000000 0.000000 1.000000
0.995432 0.058537 -0.075423 -0.065634 -0.053313 0.996156 0.069508 95.385353 0.079202 -0.065169 0.994726 -0.117059 0.000000 0.000000 0.000000 1.000000
0.995151 0.058734 -0.078894 -0.067352 -0.053301 0.996172 0.069288 95.399368 0.082661 -0.064747 0.994472 -0.134423 0.000000 0.000000 0.000000 1.000000
0.994856 0.058867 -0.082440 -0.066586 -0.053236 0.996201 0.068918 95.414474 0.086184 -0.064175 0.994210 -0.141220 0.000000 0.000000 0.000000 1.000000
0.994579 0.058873 -0.085715 -0.064292 -0.053070 0.996240 0.068476 95.429558 0.089424 -0.063556 0.993964 -0.138501 0.000000 0.000000 0.000000 1.000000
0.994316 0.058948 -0.088662 -0.062595 -0.052998 0.996275 0.068030 95.444038 0.092342 -0.062944 0.993736 -0.129601 0.000000 0.000000 0.000000 1.000000
0.994071 0.059113 -0.091257 -0.062897 -0.053039 0.996301 0.067614 95.457756 0.094916 -0.062373 0.993529 -0.116175 0.000000 0.000000 0.000000 1.000000
0.993863 0.059288 -0.093388 -0.065154 -0.053116 0.996322 0.067247 95.470375 0.097031 -0.061874 0.993356 -0.098501 0.000000 0.000000 0.000000 1.000000
0.993710 0.059440 -0.094912 -0.068776 -0.053203 0.996337 0.066947 95.482025 0.098543 -0.061476 0.993232 -0.078962 0.000000 0.000000 0.000000 1.000000
0.993623 0.059526 -0.095760 -0.072634 -0.053261 0.996350 0.066710 95.493103 0.099381 -0.061185 0.993167 -0.061962 0.000000 0.000000 0.000000 1.000000
0.993599 0.059574 -0.095982 -0.075441 -0.053316 0.996361 0.066495 95.504082 0.099594 -0.060952 0.993160 -0.049954 0.000000 0.000000 0.000000 1.000000
0.993622 0.059612 -0.095715 -0.076688 -0.053393 0.996373 0.066264 95.514725 0.099317 -0.060730 0.993201 -0.042664 0.000000 0.000000 0.000000 1.000000
0.993676 0.059686 -0.095106 -0.076674 -0.053525 0.996379 0.066061 95.524956 0.098705 -0.060553 0.993273 -0.039922 0.000000 0.000000 0.000000 1.000000
0.993751 0.059783 -0.094256 -0.075209 -0.053680 0.996374 0.066007 95.534637 0.097860 -0.060535 0.993357 -0.041410 0.000000 0.000000 0.000000 1.000000
0.993844 0.059811 -0.093255 -0.070420 -0.053769 0.996369 0.066009 95.543808 0.096864 -0.060588 0.993452 -0.043629 0.000000 0.000000 0.000000 1.000000
0.993932 0.059806 -0.092313 -0.060476 -0.053822 0.996367 0.065999 95.552948 0.095925 -0.060630 0.993540 -0.042429 0.000000 0.000000 0.000000 1.000000
0.993994 0.059801 -0.091646 -0.046160 -0.053869 0.996371 0.065899 95.561607 0.095254 -0.060566 0.993609 -0.037971 0.000000 0.000000 0.000000 1.000000
0.994031 0.059815 -0.091241 -0.029728 -0.053926 0.996381 0.065699 95.568237 0.094840 -0.060387 0.993659 -0.031703 0.000000 0.000000 0.000000 1.000000
0.994050 0.059866 -0.090995 -0.012427 -0.054013 0.996391 0.065475 95.572334 0.094586 -0.060170 0.993697 -0.022546 0.000000 0.000000 0.000000 1.000000
0.994041 0.059997 -0.091008 0.005923 -0.054161 0.996395 0.065290 95.575165 0.094597 -0.059972 0.993708 -0.008221 0.000000 0.000000 0.000000 1.000000
0.994030 0.060074 -0.091084 0.025211 -0.054240 0.996395 0.065230 95.578384 0.094674 -0.059900 0.993705 0.011870 0.000000 0.000000 0.000000 1.000000</float_array><technique_common><accessor source="#Hips-Matrix-animation-output-transform-array" count="53" stride="16"><param type="float4x4"/></accessor></technique_common></source><source id="Hips-Interpolations"><Name_array id="Hips-Interpolations-array" count="53">
 LINEAR LINEAR LINEAR LINEAR LINEAR LINEAR LINEAR LINEAR LINEAR LINEAR LINEAR
LINEAR LINEAR LINEAR LINEAR LINEAR LINEAR LINEAR LINEAR LINEAR LINEAR LINEAR LINEAR
LINEAR LINEAR LINEAR LINEAR LINEAR LINEAR LINEAR LINEAR LINEAR LINEAR LINEAR LINEAR
LINEAR LINEAR LINEAR LINEAR LINEAR LINEAR LINEAR LINEAR LINEAR LINEAR LINEAR LINEAR
LINEAR LINEAR LINEAR LINEAR LINEAR LINEAR</Name_array><technique_common><accessor source="#Hips-Interpolations-array" count="53"><param type="name"/></accessor></technique_common></source><sampler id="Hips-Matrix-animation-transform"><input semantic="INPUT" source="#Hips-Matrix-animation-input"/><input semantic="OUTPUT" source="#Hips-Matrix-animation-output-transform"/><input semantic="INTERPOLATION" source="#Hips-Interpolations"/></sampler><channel source="#Hips-Matrix-animation-transform" target="Hips/matrix"/></animation>
    <animation id="Spine-anim" name="Spine"><source id="Spine-Matrix-animation-input"><float_array id="Spine-Matrix-animation-input-array" count="53">

0.000000 0.033333 0.066667 0.100000 0.133333 0.166667 0.200000 0.233333 0.266667 0.300000 0.333333 0.366667 0.400000 0.433333 0.466667 0.500000
0.533333 0.566667 0.600000 0.633333 0.666667 0.700000 0.733333 0.766667 0.800000 0.833333 0.866667 0.900000 0.933333 0.966667 1.000000 1.033333
1.066667 1.100000 1.133333 1.166667 1.200000 1.233333 1.266667 1.300000 1.333333 1.366667 1.400000 1.433333 1.466667 1.500000 1.533333 1.566667
1.600000 1.633333 1.666667 1.700000 1.733333</float_array><technique_common><accessor source="#Spine-Matrix-animation-input-array" count="53"><param name="TIME" type="float"/></accessor></technique_common></source><source id="Spine-Matrix-animation-output-transform"><float_array id="Spine-Matrix-animation-output-transform-array" count="848">

0.998740 -0.042456 0.026762 0.000000 0.043942 0.997371 -0.057629 9.226300 -0.024245 0.058732 0.997979 1.577100 0.000000 0.000000 0.000000 1.000000
0.998742 -0.042417 0.026761 0.000000 0.043903 0.997372 -0.057630 9.226300 -0.024247 0.058732 0.997979 1.577100 0.000000 0.000000 0.000000 1.000000
0.998743 -0.042390 0.026763 -0.000000 0.043876 0.997373 -0.057631 9.226300 -0.024250 0.058733 0.997979 1.577100 0.000000 0.000000 0.000000 1.000000
0.998740 -0.042451 0.026766 0.000000 0.043932 0.997382 -0.057433 9.226300 -0.024258 0.058536 0.997991 1.577100 0.000000 0.000000 0.000000 1.000000
0.998728 -0.042625 0.026941 0.000000 0.044103 0.997404 -0.056921 9.226300 -0.024445 0.058037 0.998015 1.577100 0.000000 0.000000 0.000000 1.000000
0.998717 -0.042709 0.027210 0.000000 0.044184 0.997444 -0.056156 9.226300 -0.024742 0.057286 0.998051 1.577100 0.000000 0.000000 0.000000 1.000000
0.998712 -0.042669 0.027461 0.000000 0.044138 0.997494 -0.055303 9.226300 -0.025033 0.056443 0.998092 1.577100 0.000000 0.000000 0.000000 1.000000
0.998711 -0.042594 0.027617 0.000000 0.044050 0.997545 -0.054445 9.226300 -0.025230 0.055591 0.998135 1.577100 0.000000 0.000000 0.000000 1.000000
0.998712 -0.042529 0.027666 0.000000 0.043967 0.997594 -0.053609 9.226300 -0.025319 0.054757 0.998179 1.577100 0.000000 0.000000 0.000000 1.000000
0.998713 -0.042487 0.027684 0.000000 0.043909 0.997631 -0.052949 9.226300 -0.025369 0.054096 0.998213 1.577100 0.000000 0.000000 0.000000 1.000000
0.998715 -0.042446 0.027688 0.000000 0.043861 0.997648 -0.052675 9.226300 -0.025387 0.053822 0.998228 1.577100 0.000000 0.000000 0.000000 1.000000
0.998717 -0.042409 0.027689 -0.000000 0.043826 0.997645 -0.052754 9.226300 -0.025386 0.053900 0.998224 1.577100 0.000000 0.000000 0.000000 1.000000
0.998718 -0.042380 0.027694 0.000000 0.043802 0.997637 -0.052924 9.226300 -0.025385 0.054069 0.998214 1.577100 0.000000 0.000000 0.000000 1.000000
0.998718 -0.042357 0.027712 -0.000000 0.043783 0.997632 -0.053047 9.226300 -0.025399 0.054193 0.998207 1.577100 0.000000 0.000000 0.000000 1.000000
0.998718 -0.042336 0.027751 0.000000 0.043767 0.997626 -0.053173 9.226300 -0.025434 0.054319 0.998200 1.577100 0.000000 0.000000 0.000000 1.000000
0.998717 -0.042313 0.027837 0.000000 0.043754 0.997615 -0.053383 9.226300 -0.025512 0.054533 0.998186 1.577100 0.000000 0.000000 0.000000 1.000000
0.998713 -0.042278 0.028030 0.000000 0.043738 0.997597 -0.053728 9.226300 -0.025691 0.054884 0.998162 1.577100 0.000000 0.000000 0.000000 1.000000
0.998707 -0.042225 0.028323 -0.000000 0.043714 0.997572 -0.054219 9.226300 -0.025965 0.055387 0.998127 1.577100 0.000000 0.000000 0.000000 1.000000
0.998701 -0.042155 0.028611 0.000000 0.043677 0.997541 -0.054820 9.226300 -0.026230 0.055999 0.998086 1.577100 0.000000 0.000000 0.000000 1.000000
0.998703 -0.042039 0.028729 0.000000 0.043584 0.997509 -0.055458 9.226300 -0.026326 0.056638 0.998048 1.577100 0.000000 0.000000 0.000000 1.000000
0.998715 -0.041841 0.028583 0.000000 0.043394 0.997483 -0.056080 9.226300 -0.026164 0.057249 0.998017 1.577100 0.000000 0.000000 0.000000 1.000000
0.998734 -0.041611 0.028260 0.000000 0.043161 0.997460 -0.056664 9.226300 -0.025830 0.057812 0.997993 1.577100 0.000000 0.000000 0.000000 1.000000
0.998752 -0.041379 0.027965 0.000000 0.042925 0.997442 -0.057156 9.226300 -0.025528 0.058285 0.997974 1.577100 0.000000 0.000000 0.000000 1.000000
0.998763 -0.041163 0.027878 0.000000 0.042713 0.997432 -0.057485 9.226300 -0.025440 0.058605 0.997957 1.577100 0.000000 0.000000 0.000000 1.000000
0.998768 -0.040970 0.027980 0.000000 0.042530 0.997432 -0.057632 9.226300 -0.025547 0.058751 0.997946 1.577100 0.000000 0.000000 0.000000 1.000000
0.998770 -0.040799 0.028168 0.000000 0.042371 0.997435 -0.057688 9.226300 -0.025742 0.058811 0.997937 1.577100 0.000000 0.000000 0.000000 1.000000
0.998773 -0.040670 0.028259 0.000000 0.042250 0.997437 -0.057752 9.226300 -0.025838 0.058876 0.997931 1.577100 0.000000 0.000000 0.000000 1.000000
0.998775 -0.040607 0.028291 0.000000 0.042192 0.997430 -0.057915 9.226300 -0.025866 0.059038 0.997921 1.577100 0.000000 0.000000 0.000000 1.000000
0.998776 -0.040571 0.028283 0.000000 0.042159 0.997425 -0.058018 9.226300 -0.025857 0.059140 0.997915 1.577100 0.000000 0.000000 0.000000 1.000000
0.998778 -0.040562 0.028240 0.000000 0.042149 0.997422 -0.058077 9.226300 -0.025812 0.059196 0.997913 1.577100 0.000000 0.000000 0.000000 1.000000
0.998781 -0.040580 0.028104 -0.000000 0.042160 0.997419 -0.058113 9.226300 -0.025673 0.059227 0.997914 1.577100 0.000000 0.000000 0.000000 1.000000
0.998787 -0.040625 0.027834 0.000000 0.042189 0.997417 -0.058130 9.226300 -0.025400 0.059233 0.997921 1.577100 0.000000 0.000000 0.000000 1.000000
0.998791 -0.040731 0.027537 0.000000 0.042278 0.997413 -0.058130 9.226300 -0.025098 0.059224 0.997929 1.577100 0.000000 0.000000 0.000000 1.000000
0.998791 -0.040873 0.027325 0.000000 0.042406 0.997409 -0.058116 9.226300 -0.024879 0.059205 0.997936 1.577100 0.000000 0.000000 0.000000 1.000000
0.998786 -0.041055 0.027228 0.000000 0.042582 0.997403 -0.058092 9.226300 -0.024772 0.059181 0.997940 1.577100 0.000000 0.000000 0.000000 1.000000
0.998780 -0.041234 0.027167 -0.000000 0.042756 0.997397 -0.058059 9.226300 -0.024702 0.059150 0.997943 1.577100 0.000000 0.000000 0.000000 1.000000
0.998776 -0.041373 0.027095 -0.000000 0.042890 0.997394 -0.058022 9.226300 -0.024624 0.059113 0.997948 1.577100 0.000000 0.000000 0.000000 1.000000
0.998773 -0.041502 0.027017 0.000000 0.043013 0.997391 -0.057983 9.226300 -0.024540 0.059074 0.997952 1.577100 0.000000 0.000000 0.000000 1.000000
0.998769 -0.041651 0.026943 -0.000000 0.043156 0.997387 -0.057946 9.226300 -0.024459 0.059037 0.997956 1.577100 0.000000 0.000000 0.000000 1.000000
0.998764 -0.041807 0.026868 0.000000 0.043306 0.997383 -0.057887 9.226300 -0.024377 0.058979 0.997962 1.577100 0.000000 0.000000 0.000000 1.000000
0.998761 -0.041936 0.026801 0.000000 0.043429 0.997384 -0.057785 9.226300 -0.024307 0.058878 0.997969 1.577100 0.000000 0.000000 0.000000 1.000000
0.998760 -0.041962 0.026800 0.000000 0.043454 0.997385 -0.057743 9.226300 -0.024307 0.058836 0.997972 1.577100 0.000000 0.000000 0.000000 1.000000
0.998759 -0.041989 0.026800 0.000000 0.043481 0.997384 -0.057743 9.226300 -0.024305 0.058836 0.997972 1.577100 0.000000 0.000000 0.000000 1.000000
0.998757 -0.042020 0.026800 -0.000000 0.043512 0.997383 -0.057742 9.226300 -0.024303 0.058836 0.997972 1.577100 0.000000 0.000000 0.000000 1.000000
0.998756 -0.042056 0.026800 0.000000 0.043547 0.997381 -0.057741 9.226300 -0.024301 0.058836 0.997972 1.577100 0.000000 0.000000 0.000000 1.000000
0.998754 -0.042092 0.026800 0.000000 0.043583 0.997380 -0.057740 9.226300 -0.024299 0.058836 0.997972 1.577100 0.000000 0.000000 0.000000 1.000000
0.998753 -0.042127 0.026800 0.000000 0.043619 0.997378 -0.057739 9.226300 -0.024297 0.058836 0.997972 1.577100 0.000000 0.000000 0.000000 1.000000
0.998751 -0.042161 0.026800 0.000000 0.043653 0.997377 -0.057738 9.226300 -0.024296 0.058836 0.997972 1.577100 0.000000 0.000000 0.000000 1.000000
0.998750 -0.042197 0.026800 0.000000 0.043688 0.997375 -0.057737 9.226300 -0.024294 0.058836 0.997972 1.577100 0.000000 0.000000 0.000000 1.000000
0.998748 -0.042230 0.026801 0.000000 0.043721 0.997374 -0.057736 9.226300 -0.024292 0.058836 0.997972 1.577100 0.000000 0.000000 0.000000 1.000000
0.998747 -0.042259 0.026801 -0.000000 0.043751 0.997373 -0.057735 9.226300 -0.024291 0.058836 0.997972 1.577100 0.000000 0.000000 0.000000 1.000000
0.998746 -0.042285 0.026801 0.000000 0.043776 0.997372 -0.057735 9.226300 -0.024290 0.058835 0.997972 1.577100 0.000000 0.000000 0.000000 1.000000
0.998745 -0.042309 0.026801 0.000000 0.043800 0.997371 -0.057734 9.226300 -0.024288 0.058835 0.997972 1.577100 0.000000 0.000000 0.000000 1.000000</float_array><technique_common><accessor source="#Spine-Matrix-animation-output-transform-array" count="53" stride="16"><param type="float4x4"/></accessor></technique_common></source><source id="Spine-Interpolations"><Name_array id="Spine-Interpolations-array" count="53">
 LINEAR LINEAR LINEAR LINEAR LINEAR LINEAR LINEAR LINEAR LINEAR LINEAR LINEAR
LINEAR LINEAR LINEAR LINEAR LINEAR LINEAR LINEAR LINEAR LINEAR LINEAR LINEAR LINEAR
LINEAR LINEAR LINEAR LINEAR LINEAR LINEAR LINEAR LINEAR LINEAR LINEAR LINEAR LINEAR
LINEAR LINEAR LINEAR LINEAR LINEAR LINEAR LINEAR LINEAR LINEAR LINEAR LINEAR LINEAR
LINEAR LINEAR LINEAR LINEAR LINEAR LINEAR</Name_array><technique_common><accessor source="#Spine-Interpolations-array" count="53"><param type="name"/></accessor></technique_common></source><sampler id="Spine-Matrix-animation-transform"><input semantic="INPUT" source="#Spine-Matrix-animation-input"/><input semantic="OUTPUT" source="#Spine-Matrix-animation-output-transform"/><input semantic="INTERPOLATION" source="#Spine-Interpolations"/></sampler><channel source="#Spine-Matrix-animation-transform" target="Spine/matrix"/></animation>
    <animation id="Spine1-anim" name="Spine1"><source id="Spine1-Matrix-animation-input"><float_array id="Spine1-Matrix-animation-input-array" count="53">

0.000000 0.033333 0.066667 0.100000 0.133333 0.166667 0.200000 0.233333 0.266667 0.300000 0.333333 0.366667 0.400000 0.433333 0.466667 0.500000
0.533333 0.566667 0.600000 0.633333 0.666667 0.700000 0.733333 0.766667 0.800000 0.833333 0.866667 0.900000 0.933333 0.966667 1.000000 1.033333
1.066667 1.100000 1.133333 1.166667 1.200000 1.233333 1.266667 1.300000 1.333333 1.366667 1.400000 1.433333 1.466667 1.500000 1.533333 1.566667
1.600000 1.633333 1.666667 1.700000 1.733333</float_array><technique_common><accessor source="#Spine1-Matrix-animation-input-array" count="53"><param name="TIME" type="float"/></accessor></technique_common></source><source id="Spine1-Matrix-animation-output-transform"><float_array id="Spine1-Matrix-animation-output-transform-array" count="848">

0.999615 -0.027100 0.005932 0.000000 0.027214 0.999427 -0.020102 16.254000 -0.005384 0.020256 0.999780 -0.165600 0.000000 0.000000 0.000000 1.000000
0.999615 -0.027100 0.005932 -0.000000 0.027214 0.999427 -0.020102 16.254000 -0.005384 0.020256 0.999780 -0.165600 0.000000 0.000000 0.000000 1.000000
0.999615 -0.027100 0.005932 0.000000 0.027214 0.999427 -0.020102 16.254000 -0.005384 0.020256 0.999780 -0.165600 0.000000 0.000000 0.000000 1.000000
0.999610 -0.027275 0.005932 -0.000000 0.027387 0.999429 -0.019803 16.254000 -0.005388 0.019957 0.999786 -0.165600 0.000000 0.000000 0.000000 1.000000
0.999601 -0.027538 0.006224 0.000000 0.027653 0.999436 -0.019046 16.254000 -0.005696 0.019211 0.999799 -0.165600 0.000000 0.000000 0.000000 1.000000
0.999590 -0.027831 0.006698 -0.000000 0.027947 0.999448 -0.017940 16.254000 -0.006195 0.018119 0.999817 -0.165600 0.000000 0.000000 0.000000 1.000000
0.999582 -0.028001 0.007157 -0.000000 0.028118 0.999465 -0.016736 16.254000 -0.006685 0.016931 0.999834 -0.165600 0.000000 0.000000 0.000000 1.000000
0.999582 -0.027940 0.007451 -0.000000 0.028053 0.999486 -0.015528 16.254000 -0.007014 0.015730 0.999852 -0.165600 0.000000 0.000000 0.000000 1.000000
0.999587 -0.027734 0.007559 0.000000 0.027840 0.999510 -0.014321 16.254000 -0.007158 0.014526 0.999869 -0.165600 0.000000 0.000000 0.000000 1.000000
0.999591 -0.027579 0.007533 0.000000 0.027679 0.999527 -0.013376 16.254000 -0.007161 0.013579 0.999882 -0.165600 0.000000 0.000000 0.000000 1.000000
0.999594 -0.027522 0.007383 0.000000 0.027616 0.999533 -0.013052 16.254000 -0.007021 0.013251 0.999888 -0.165600 0.000000 0.000000 0.000000 1.000000
0.999595 -0.027502 0.007272 -0.000000 0.027597 0.999531 -0.013243 16.254000 -0.006904 0.013438 0.999886 -0.165600 0.000000 0.000000 0.000000 1.000000
0.999595 -0.027512 0.007310 -0.000000 0.027608 0.999528 -0.013477 16.254000 -0.006935 0.013673 0.999882 -0.165600 0.000000 0.000000 0.000000 1.000000
0.999593 -0.027539 0.007501 -0.000000 0.027639 0.999526 -0.013583 16.254000 -0.007123 0.013785 0.999880 -0.165600 0.000000 0.000000 0.000000 1.000000
0.999590 -0.027576 0.007705 0.000000 0.027679 0.999523 -0.013729 16.254000 -0.007323 0.013936 0.999876 -0.165600 0.000000 0.000000 0.000000 1.000000
0.999587 -0.027610 0.007928 -0.000000 0.027719 0.999517 -0.014036 16.254000 -0.007537 0.014250 0.999870 -0.165600 0.000000 0.000000 0.000000 1.000000
0.999584 -0.027633 0.008299 0.000000 0.027751 0.999509 -0.014532 16.254000 -0.007894 0.014756 0.999860 -0.165600 0.000000 0.000000 0.000000 1.000000
0.999579 -0.027633 0.008853 0.000000 0.027766 0.999499 -0.015225 16.254000 -0.008428 0.015464 0.999845 -0.165600 0.000000 0.000000 0.000000 1.000000
0.999575 -0.027602 0.009408 -0.000000 0.027750 0.999486 -0.016056 16.254000 -0.008960 0.016310 0.999827 -0.165600 0.000000 0.000000 0.000000 1.000000
0.999575 -0.027508 0.009650 -0.000000 0.027668 0.999475 -0.016870 16.254000 -0.009181 0.017130 0.999811 -0.165600 0.000000 0.000000 0.000000 1.000000
0.999584 -0.027280 0.009405 0.000000 0.027442 0.999469 -0.017595 16.254000 -0.008920 0.017846 0.999801 -0.165600 0.000000 0.000000 0.000000 1.000000
0.999598 -0.026948 0.008831 0.000000 0.027106 0.999465 -0.018297 16.254000 -0.008333 0.018529 0.999794 -0.165600 0.000000 0.000000 0.000000 1.000000
0.999613 -0.026558 0.008303 0.000000 0.026712 0.999463 -0.018965 16.254000 -0.007795 0.019180 0.999786 -0.165600 0.000000 0.000000 0.000000 1.000000
0.999625 -0.026148 0.008135 0.000000 0.026302 0.999465 -0.019448 16.254000 -0.007622 0.019655 0.999778 -0.165600 0.000000 0.000000 0.000000 1.000000
0.999633 -0.025760 0.008359 0.000000 0.025920 0.999471 -0.019645 16.254000 -0.007849 0.019855 0.999772 -0.165600 0.000000 0.000000 0.000000 1.000000
0.999638 -0.025440 0.008720 -0.000000 0.025607 0.999479 -0.019658 16.254000 -0.008215 0.019875 0.999769 -0.165600 0.000000 0.000000 0.000000 1.000000
0.999643 -0.025194 0.008925 0.000000 0.025366 0.999484 -0.019707 16.254000 -0.008424 0.019926 0.999766 -0.165600 0.000000 0.000000 0.000000 1.000000
0.999648 -0.024972 0.008963 -0.000000 0.025147 0.999485 -0.019923 16.254000 -0.008461 0.020141 0.999761 -0.165600 0.000000 0.000000 0.000000 1.000000
0.999653 -0.024763 0.008937 0.000000 0.024940 0.999485 -0.020199 16.254000 -0.008432 0.020415 0.999756 -0.165600 0.000000 0.000000 0.000000 1.000000
0.999656 -0.024688 0.008862 0.000000 0.024864 0.999484 -0.020342 16.254000 -0.008355 0.020555 0.999754 -0.165600 0.000000 0.000000 0.000000 1.000000
0.999655 -0.024826 0.008602 0.000000 0.024998 0.999480 -0.020388 16.254000 -0.008091 0.020596 0.999755 -0.165600 0.000000 0.000000 0.000000 1.000000
0.999653 -0.025084 0.008095 0.000000 0.025245 0.999473 -0.020419 16.254000 -0.007579 0.020616 0.999759 -0.165600 0.000000 0.000000 0.000000 1.000000
0.999651 -0.025310 0.007531 -0.000000 0.025459 0.999467 -0.020442 16.254000 -0.007009 0.020626 0.999763 -0.165600 0.000000 0.000000 0.000000 1.000000
0.999649 -0.025536 0.007122 -0.000000 0.025677 0.999461 -0.020455 16.254000 -0.006595 0.020631 0.999765 -0.165600 0.000000 0.000000 0.000000 1.000000
0.999643 -0.025820 0.006922 0.000000 0.025957 0.999454 -0.020456 16.254000 -0.006390 0.020629 0.999767 -0.165600 0.000000 0.000000 0.000000 1.000000
0.999636 -0.026101 0.006802 0.000000 0.026236 0.999447 -0.020444 16.254000 -0.006265 0.020615 0.999768 -0.165600 0.000000 0.000000 0.000000 1.000000
0.999631 -0.026322 0.006656 -0.000000 0.026453 0.999442 -0.020416 16.254000 -0.006115 0.020584 0.999769 -0.165600 0.000000 0.000000 0.000000 1.000000
0.999627 -0.026516 0.006493 0.000000 0.026643 0.999438 -0.020342 16.254000 -0.005950 0.020508 0.999772 -0.165600 0.000000 0.000000 0.000000 1.000000
0.999623 -0.026726 0.006342 -0.000000 0.026849 0.999434 -0.020247 16.254000 -0.005797 0.020409 0.999775 -0.165600 0.000000 0.000000 0.000000 1.000000
0.999618 -0.026938 0.006198 0.000000 0.027058 0.999432 -0.020094 16.254000 -0.005653 0.020254 0.999779 -0.165600 0.000000 0.000000 0.000000 1.000000
0.999614 -0.027117 0.006050 0.000000 0.027233 0.999431 -0.019885 16.254000 -0.005507 0.020042 0.999784 -0.165600 0.000000 0.000000 0.000000 1.000000
0.999610 -0.027257 0.005991 0.000000 0.027370 0.999431 -0.019692 16.254000 -0.005451 0.019848 0.999788 -0.165600 0.000000 0.000000 0.000000 1.000000
0.999608 -0.027331 0.005991 0.000000 0.027443 0.999432 -0.019566 16.254000 -0.005453 0.019722 0.999791 -0.165600 0.000000 0.000000 0.000000 1.000000
0.999608 -0.027366 0.005991 0.000000 0.027478 0.999431 -0.019536 16.254000 -0.005453 0.019693 0.999791 -0.165600 0.000000 0.000000 0.000000 1.000000
0.999607 -0.027377 0.005991 0.000000 0.027489 0.999430 -0.019580 16.254000 -0.005452 0.019737 0.999790 -0.165600 0.000000 0.000000 0.000000 1.000000
0.999608 -0.027364 0.005991 0.000000 0.027478 0.999427 -0.019773 16.254000 -0.005447 0.019930 0.999787 -0.165600 0.000000 0.000000 0.000000 1.000000
0.999609 -0.027330 0.005991 -0.000000 0.027445 0.999423 -0.020011 16.254000 -0.005441 0.020168 0.999782 -0.165600 0.000000 0.000000 0.000000 1.000000
0.999611 -0.027248 0.005991 0.000000 0.027363 0.999424 -0.020095 16.254000 -0.005440 0.020251 0.999780 -0.165600 0.000000 0.000000 0.000000 1.000000
0.999613 -0.027175 0.005991 -0.000000 0.027290 0.999426 -0.020095 16.254000 -0.005442 0.020250 0.999780 -0.165600 0.000000 0.000000 0.000000 1.000000
0.999614 -0.027144 0.005991 -0.000000 0.027259 0.999426 -0.020095 16.254000 -0.005442 0.020250 0.999780 -0.165600 0.000000 0.000000 0.000000 1.000000
0.999614 -0.027144 0.005991 -0.000000 0.027259 0.999426 -0.020095 16.254000 -0.005442 0.020250 0.999780 -0.165600 0.000000 0.000000 0.000000 1.000000
0.999614 -0.027144 0.005991 -0.000000 0.027259 0.999426 -0.020095 16.254000 -0.005442 0.020250 0.999780 -0.165600 0.000000 0.000000 0.000000 1.000000
0.999614 -0.027144 0.005991 -0.000000 0.027259 0.999426 -0.020095 16.254000 -0.005442 0.020250 0.999780 -0.165600 0.000000 0.000000 0.000000 1.000000</float_array><technique_common><accessor source="#Spine1-Matrix-animation-output-transform-array" count="53" stride="16"><param type="float4x4"/></accessor></technique_common></source><source id="Spine1-Interpolations"><Name_array id="Spine1-Interpolations-array" count="53">
 LINEAR LINEAR LINEAR LINEAR LINEAR LINEAR LINEAR LINEAR LINEAR LINEAR LINEAR
LINEAR LINEAR LINEAR LINEAR LINEAR LINEAR LINEAR LINEAR LINEAR LINEAR LINEAR LINEAR
LINEAR LINEAR LINEAR LINEAR LINEAR LINEAR LINEAR LINEAR LINEAR LINEAR LINEAR LINEAR
LINEAR LINEAR LINEAR LINEAR LINEAR LINEAR LINEAR LINEAR LINEAR LINEAR LINEAR LINEAR
LINEAR LINEAR LINEAR LINEAR LINEAR LINEAR</Name_array><technique_common><accessor source="#Spine1-Interpolations-array" count="53"><param type="name"/></accessor></technique_common></source><sampler id="Spine1-Matrix-animation-transform"><input semantic="INPUT" source="#Spine1-Matrix-animation-input"/><input semantic="OUTPUT" source="#Spine1-Matrix-animation-output-transform"/><input semantic="INTERPOLATION" source="#Spine1-Interpolations"/></sampler><channel source="#Spine1-Matrix-animation-transform" target="Spine1/matrix"/></animation>
    <animation id="Spine2-anim" name="Spine2"><source id="Spine2-Matrix-animation-input"><float_array id="Spine2-Matrix-animation-input-array" count="53">

0.000000 0.033333 0.066667 0.100000 0.133333 0.166667 0.200000 0.233333 0.266667 0.300000 0.333333 0.366667 0.400000 0.433333 0.466667 0.500000
0.533333 0.566667 0.600000 0.633333 0.666667 0.700000 0.733333 0.766667 0.800000 0.833333 0.866667 0.900000 0.933333 0.966667 1.000000 1.033333
1.066667 1.100000 1.133333 1.166667 1.200000 1.233333 1.266667 1.300000 1.333333 1.366667 1.400000 1.433333 1.466667 1.500000 1.533333 1.566667
1.600000 1.633333 1.666667 1.700000 1.733333</float_array><technique_common><accessor source="#Spine2-Matrix-animation-input-array" count="53"><param name="TIME" type="float"/></accessor></technique_common></source><source id="Spine2-Matrix-animation-output-transform"><float_array id="Spine2-Matrix-animation-output-transform-array" count="848">

0.999611 -0.027162 0.006302 -0.000000 0.027282 0.999435 -0.019652 13.639600 -0.005765 0.019816 0.999787 -1.292300 0.000000 0.000000 0.000000 1.000000
0.999611 -0.027162 0.006302 0.000000 0.027282 0.999435 -0.019652 13.639600 -0.005765 0.019816 0.999787 -1.292300 0.000000 0.000000 0.000000 1.000000
0.999611 -0.027162 0.006302 0.000000 0.027282 0.999435 -0.019652 13.639600 -0.005765 0.019816 0.999787 -1.292300 0.000000 0.000000 0.000000 1.000000
0.999606 -0.027342 0.006302 0.000000 0.027459 0.999436 -0.019352 13.639600 -0.005769 0.019517 0.999793 -1.292300 0.000000 0.000000 0.000000 1.000000
0.999597 -0.027606 0.006586 0.000000 0.027724 0.999443 -0.018594 13.639600 -0.006069 0.018769 0.999805 -1.292300 0.000000 0.000000 0.000000 1.000000
0.999586 -0.027899 0.007051 0.000000 0.028019 0.999454 -0.017485 13.639600 -0.006559 0.017676 0.999822 -1.292300 0.000000 0.000000 0.000000 1.000000
0.999578 -0.028069 0.007504 0.000000 0.028188 0.999470 -0.016282 13.639600 -0.007043 0.016486 0.999839 -1.292300 0.000000 0.000000 0.000000 1.000000
0.999577 -0.028006 0.007796 0.000000 0.028121 0.999491 -0.015073 13.639600 -0.007370 0.015286 0.999856 -1.292300 0.000000 0.000000 0.000000 1.000000
0.999582 -0.027794 0.007900 0.000000 0.027902 0.999514 -0.013867 13.639600 -0.007511 0.014081 0.999873 -1.292300 0.000000 0.000000 0.000000 1.000000
0.999587 -0.027640 0.007873 0.000000 0.027740 0.999532 -0.012921 13.639600 -0.007512 0.013134 0.999886 -1.292300 0.000000 0.000000 0.000000 1.000000
0.999590 -0.027584 0.007733 -0.000000 0.027680 0.999537 -0.012597 13.639600 -0.007382 0.012806 0.999891 -1.292300 0.000000 0.000000 0.000000 1.000000
0.999591 -0.027567 0.007631 0.000000 0.027663 0.999536 -0.012786 13.639600 -0.007275 0.012992 0.999889 -1.292300 0.000000 0.000000 0.000000 1.000000
0.999590 -0.027580 0.007661 0.000000 0.027678 0.999532 -0.013021 13.639600 -0.007298 0.013228 0.999886 -1.292300 0.000000 0.000000 0.000000 1.000000
0.999588 -0.027611 0.007841 0.000000 0.027712 0.999530 -0.013129 13.639600 -0.007475 0.013341 0.999883 -1.292300 0.000000 0.000000 0.000000 1.000000
0.999585 -0.027651 0.008046 0.000000 0.027756 0.999527 -0.013275 13.639600 -0.007675 0.013493 0.999880 -1.292300 0.000000 0.000000 0.000000 1.000000
0.999582 -0.027689 0.008271 0.000000 0.027799 0.999521 -0.013584 13.639600 -0.007891 0.013808 0.999874 -1.292300 0.000000 0.000000 0.000000 1.000000
0.999578 -0.027715 0.008643 0.000000 0.027835 0.999513 -0.014079 13.639600 -0.008249 0.014314 0.999864 -1.292300 0.000000 0.000000 0.000000 1.000000
0.999573 -0.027720 0.009207 0.000000 0.027854 0.999503 -0.014772 13.639600 -0.008793 0.015022 0.999849 -1.292300 0.000000 0.000000 0.000000 1.000000
0.999569 -0.027693 0.009767 0.000000 0.027843 0.999491 -0.015603 13.639600 -0.009330 0.015868 0.999831 -1.292300 0.000000 0.000000 0.000000 1.000000
0.999569 -0.027603 0.010015 0.000000 0.027766 0.999480 -0.016418 13.639600 -0.009556 0.016689 0.999815 -1.292300 0.000000 0.000000 0.000000 1.000000
0.999577 -0.027377 0.009780 0.000000 0.027542 0.999474 -0.017145 13.639600 -0.009306 0.017407 0.999805 -1.292300 0.000000 0.000000 0.000000 1.000000
0.999592 -0.027044 0.009217 0.000000 0.027205 0.999471 -0.017849 13.639600 -0.008730 0.018092 0.999798 -1.292300 0.000000 0.000000 0.000000 1.000000
0.999607 -0.026651 0.008699 -0.000000 0.026808 0.999469 -0.018519 13.639600 -0.008201 0.018745 0.999791 -1.292300 0.000000 0.000000 0.000000 1.000000
0.999619 -0.026240 0.008537 0.000000 0.026399 0.999471 -0.019002 13.639600 -0.008034 0.019221 0.999783 -1.292300 0.000000 0.000000 0.000000 1.000000
0.999627 -0.025856 0.008765 0.000000 0.026020 0.999477 -0.019198 13.639600 -0.008264 0.019419 0.999777 -1.292300 0.000000 0.000000 0.000000 1.000000
0.999632 -0.025540 0.009128 0.000000 0.025712 0.999485 -0.019211 13.639600 -0.008632 0.019438 0.999774 -1.292300 0.000000 0.000000 0.000000 1.000000
0.999636 -0.025297 0.009336 -0.000000 0.025473 0.999490 -0.019259 13.639600 -0.008844 0.019489 0.999771 -1.292300 0.000000 0.000000 0.000000 1.000000
0.999642 -0.025077 0.009377 0.000000 0.025256 0.999491 -0.019473 13.639600 -0.008884 0.019703 0.999766 -1.292300 0.000000 0.000000 0.000000 1.000000
0.999647 -0.024868 0.009354 0.000000 0.025049 0.999491 -0.019749 13.639600 -0.008858 0.019976 0.999761 -1.292300 0.000000 0.000000 0.000000 1.000000
0.999649 -0.024805 0.009280 0.000000 0.024986 0.999490 -0.019886 13.639600 -0.008782 0.020111 0.999759 -1.292300 0.000000 0.000000 0.000000 1.000000
0.999649 -0.024927 0.009013 0.000000 0.025102 0.999486 -0.019938 13.639600 -0.008512 0.020157 0.999761 -1.292300 0.000000 0.000000 0.000000 1.000000
0.999647 -0.025166 0.008500 0.000000 0.025332 0.999480 -0.019972 13.639600 -0.007993 0.020180 0.999764 -1.292300 0.000000 0.000000 0.000000 1.000000
0.999646 -0.025394 0.007937 0.000000 0.025549 0.999474 -0.019996 13.639600 -0.007425 0.020192 0.999769 -1.292300 0.000000 0.000000 0.000000 1.000000
0.999643 -0.025622 0.007527 0.000000 0.025768 0.999468 -0.020009 13.639600 -0.007011 0.020196 0.999771 -1.292300 0.000000 0.000000 0.000000 1.000000
0.999638 -0.025904 0.007323 0.000000 0.026046 0.999460 -0.020010 13.639600 -0.006801 0.020194 0.999773 -1.292300 0.000000 0.000000 0.000000 1.000000
0.999631 -0.026184 0.007200 0.000000 0.026323 0.999453 -0.019997 13.639600 -0.006672 0.020179 0.999774 -1.292300 0.000000 0.000000 0.000000 1.000000
0.999627 -0.026403 0.007051 -0.000000 0.026539 0.999448 -0.019969 13.639600 -0.006520 0.020148 0.999776 -1.292300 0.000000 0.000000 0.000000 1.000000
0.999623 -0.026595 0.006886 -0.000000 0.026727 0.999445 -0.019896 13.639600 -0.006353 0.020072 0.999778 -1.292300 0.000000 0.000000 0.000000 1.000000
0.999618 -0.026804 0.006732 0.000000 0.026933 0.999441 -0.019800 13.639600 -0.006197 0.019974 0.999781 -1.292300 0.000000 0.000000 0.000000 1.000000
0.999613 -0.027016 0.006585 0.000000 0.027141 0.999439 -0.019647 13.639600 -0.006051 0.019818 0.999785 -1.292300 0.000000 0.000000 0.000000 1.000000
0.999610 -0.027190 0.006433 0.000000 0.027310 0.999438 -0.019438 13.639600 -0.005901 0.019606 0.999790 -1.292300 0.000000 0.000000 0.000000 1.000000
0.999608 -0.027268 0.006271 0.000000 0.027384 0.999440 -0.019245 13.639600 -0.005742 0.019409 0.999795 -1.292300 0.000000 0.000000 0.000000 1.000000
0.999608 -0.027299 0.006178 0.000000 0.027413 0.999441 -0.019117 13.639600 -0.005652 0.019279 0.999798 -1.292300 0.000000 0.000000 0.000000 1.000000
0.999608 -0.027309 0.006171 0.000000 0.027422 0.999442 -0.019085 13.639600 -0.005646 0.019247 0.999799 -1.292300 0.000000 0.000000 0.000000 1.000000
0.999608 -0.027305 0.006192 -0.000000 0.027419 0.999441 -0.019129 13.639600 -0.005667 0.019292 0.999798 -1.292300 0.000000 0.000000 0.000000 1.000000
0.999608 -0.027295 0.006206 0.000000 0.027410 0.999437 -0.019324 13.639600 -0.005675 0.019487 0.999794 -1.292300 0.000000 0.000000 0.000000 1.000000
0.999608 -0.027287 0.006206 -0.000000 0.027403 0.999433 -0.019563 13.639600 -0.005669 0.019726 0.999789 -1.292300 0.000000 0.000000 0.000000 1.000000
0.999608 -0.027287 0.006206 0.000000 0.027404 0.999431 -0.019647 13.639600 -0.005666 0.019809 0.999788 -1.292300 0.000000 0.000000 0.000000 1.000000
0.999608 -0.027287 0.006206 0.000000 0.027404 0.999431 -0.019647 13.639600 -0.005666 0.019809 0.999788 -1.292300 0.000000 0.000000 0.000000 1.000000
0.999608 -0.027287 0.006206 0.000000 0.027404 0.999431 -0.019647 13.639600 -0.005666 0.019809 0.999788 -1.292300 0.000000 0.000000 0.000000 1.000000
0.999608 -0.027287 0.006206 0.000000 0.027404 0.999431 -0.019647 13.639600 -0.005666 0.019809 0.999788 -1.292300 0.000000 0.000000 0.000000 1.000000
0.999608 -0.027287 0.006206 0.000000 0.027404 0.999431 -0.019647 13.639600 -0.005666 0.019809 0.999788 -1.292300 0.000000 0.000000 0.000000 1.000000
0.999608 -0.027287 0.006206 0.000000 0.027404 0.999431 -0.019647 13.639600 -0.005666 0.019809 0.999788 -1.292300 0.000000 0.000000 0.000000 1.000000</float_array><technique_common><accessor source="#Spine2-Matrix-animation-output-transform-array" count="53" stride="16"><param type="float4x4"/></accessor></technique_common></source><source id="Spine2-Interpolations"><Name_array id="Spine2-Interpolations-array" count="53">
 LINEAR LINEAR LINEAR LINEAR LINEAR LINEAR LINEAR LINEAR LINEAR LINEAR LINEAR
LINEAR LINEAR LINEAR LINEAR LINEAR LINEAR LINEAR LINEAR LINEAR LINEAR LINEAR LINEAR
LINEAR LINEAR LINEAR LINEAR LINEAR LINEAR LINEAR LINEAR LINEAR LINEAR LINEAR LINEAR
LINEAR LINEAR LINEAR LINEAR LINEAR LINEAR LINEAR LINEAR LINEAR LINEAR LINEAR LINEAR
