<?xml version="1.0" encoding="utf-8"?>
<COLLADA xmlns="http://www.collada.org/2005/11/COLLADASchema" version="1.4.1">
  <asset><contributor><author>Mixamo</author><authoring_tool>COLLADA Mixamo exporter</authoring_tool><comments></comments></contributor><created>2018-10-06T11:22:16Z</created><modified>2018-10-06T11:22:16Z</modified><revision></revision><title></title><unit meter="0.010000"/><up_axis>Y_UP</up_axis></asset>
  <library_animations>
    <animation id="Hips-anim" name="Hips"><source id="Hips-Matrix-animation-input"><float_array id="Hips-Matrix-animation-input-array" count="31">

0.000000 0.033333 0.066667 0.100000 0.133333 0.166667 0.200000 0.233333 0.266667 0.300000 0.333333 0.366667 0.400000 0.433333 0.466667 0.500000
0.533333 0.566667 0.600000 0.633333 0.666667 0.700000 0.733333 0.766667 0.800000 0.833333 0.866667 0.900000 0.933333 0.966667 1.000000</float_array><technique_common><accessor source="#Hips-Matrix-animation-input-array" count="31"><param name="TIME" type="float"/></accessor></technique_common></source><source id="Hips-Matrix-animation-output-transform"><float_array id="Hips-Matrix-animation-output-transform-array" count="496">

0.281601 -0.020039 -0.959322 -0.353805 0.168987 0.985191 0.029025 67.474579 0.944534 -0.170287 0.280817 0.202457 0.000000 0.000000 0.000000 1.000000
0.263586 -0.022621 -0.964371 -6.842646 0.175426 0.984179 0.024863 67.975754 0.948551 -0.175729 0.263384 0.204151 0.000000 0.000000 0.000000 1.000000
0.244824 -0.030413 -0.969091 -13.226099 0.180078 0.983544 0.014627 68.478500 0.952698 -0.178093 0.246271 0.268806 0.000000 0.000000 0.000000 1.000000
0.225411 -0.041730 -0.973370 -19.549353 0.182405 0.983224 0.000088 68.987656 0.957036 -0.177567 0.229241 0.386752 0.000000 0.000000 0.000000 1.000000
0.205885 -0.054891 -0.977035 -25.823679 0.182050 0.983144 -0.016871 69.502228 0.961493 -0.174396 0.212408 0.547146 0.000000 0.000000 0.000000 1.000000
0.186633 -0.068046 -0.980070 -32.115997 0.178065 0.983418 -0.034370 69.849396 0.966158 -0.168102 0.195655 0.747353 0.000000 0.000000 0.000000 1.000000
0.168188 -0.079628 -0.982533 -38.437778 0.171085 0.983963 -0.050458 69.936111 0.970795 -0.159611 0.179114 0.976030 0.000000 0.000000 0.000000 1.000000
0.151201 -0.088044 -0.984574 -44.768120 0.162066 0.984756 -0.063172 69.896080 0.975127 -0.150014 0.163165 1.221726 0.000000 0.000000 0.000000 1.000000
0.138320 -0.091764 -0.986127 -51.157032 0.151640 0.985920 -0.070475 69.400490 0.978710 -0.139788 0.150287 1.464526 0.000000 0.000000 0.000000 1.000000
0.147264 -0.091043 -0.984898 -57.601650 0.141611 0.987437 -0.070104 68.695763 0.978907 -0.129148 0.158307 1.696340 0.000000 0.000000 0.000000 1.000000
0.166582 -0.086390 -0.982236 -64.074326 0.131143 0.989246 -0.064765 68.092392 0.977268 -0.118025 0.176120 1.913999 0.000000 0.000000 0.000000 1.000000
0.188680 -0.078836 -0.978869 -70.558968 0.120252 0.991126 -0.056644 67.962372 0.974648 -0.107023 0.196486 2.107155 0.000000 0.000000 0.000000 1.000000
0.213122 -0.069896 -0.974522 -77.088028 0.109406 0.992872 -0.047285 68.228455 0.970881 -0.096541 0.219250 2.276743 0.000000 0.000000 0.000000 1.000000
0.238487 -0.060966 -0.969230 -83.653175 0.098748 0.994377 -0.038250 68.616272 0.966112 -0.086588 0.243166 2.436652 0.000000 0.000000 0.000000 1.000000
0.263790 -0.053347 -0.963104 -90.240639 0.088273 0.995615 -0.030970 69.048264 0.960533 -0.076846 0.267342 2.575486 0.000000 0.000000 0.000000 1.000000
0.288453 -0.048548 -0.956263 -96.823479 0.079000 0.996515 -0.026761 69.473946 0.954230 -0.067825 0.291283 2.677567 0.000000 0.000000 0.000000 1.000000
0.312313 -0.047884 -0.948772 -103.439545 0.071555 0.997077 -0.026768 69.805573 0.947281 -0.059529 0.314827 2.715618 0.000000 0.000000 0.000000 1.000000
0.334954 -0.051464 -0.940828 -110.043427 0.066637 0.997301 -0.030829 70.004913 0.939875 -0.052367 0.337479 2.676721 0.000000 0.000000 0.000000 1.000000
0.356324 -0.057635 -0.932583 -116.623573 0.063846 0.997265 -0.037238 70.138565 0.932179 -0.046273 0.359029 2.576333 0.000000 0.000000 0.000000 1.000000
0.375989 -0.065697 -0.924292 -123.178314 0.064631 0.996914 -0.044568 70.230850 0.924367 -0.042980 0.379075 2.419553 0.000000 0.000000 0.000000 1.000000
0.394988 -0.074553 -0.915656 -129.745651 0.069285 0.996281 -0.051230 70.271484 0.916070 -0.043206 0.398684 2.216798 0.000000 0.000000 0.000000 1.000000
0.402162 -0.081872 -0.911901 -136.298447 0.077037 0.995488 -0.055402 70.202240 0.912322 -0.047969 0.406654 1.976075 0.000000 0.000000 0.000000 1.000000
0.396286 -0.085807 -0.914109 -142.804092 0.085187 0.994765 -0.056448 69.652939 0.914167 -0.055500 0.401521 1.733867 0.000000 0.000000 0.000000 1.000000
0.383811 -0.086469 -0.919354 -149.475067 0.095195 0.994007 -0.053749 68.819290 0.918492 -0.066889 0.389742 1.489982 0.000000 0.000000 0.000000 1.000000
0.371119 -0.082103 -0.924949 -156.153412 0.106497 0.993274 -0.045438 67.907776 0.922458 -0.081642 0.377366 1.229483 0.000000 0.000000 0.000000 1.000000
0.356945 -0.072494 -0.931308 -162.834290 0.117351 0.992566 -0.032285 67.114143 0.926725 -0.097765 0.362798 0.987031 0.000000 0.000000 0.000000 1.000000
0.341630 -0.059725 -0.937935 -169.504440 0.127932 0.991645 -0.016547 66.666313 0.931087 -0.114339 0.346416 0.763876 0.000000 0.000000 0.000000 1.000000
0.325812 -0.045870 -0.944321 -176.176056 0.138285 0.990392 -0.000396 66.584549 0.935267 -0.130456 0.329025 0.581544 0.000000 0.000000 0.000000 1.000000
0.310259 -0.033193 -0.950073 -182.834503 0.148645 0.988792 0.013996 66.803391 0.938959 -0.145565 0.311715 0.435387 0.000000 0.000000 0.000000 1.000000
0.295636 -0.023972 -0.955000 -189.416885 0.159290 0.986927 0.024538 67.130249 0.941927 -0.159376 0.295589 0.285545 0.000000 0.000000 0.000000 1.000000
0.281602 -0.020040 -0.959322 -195.934845 0.168988 0.985191 0.029025 67.470451 0.944534 -0.170288 0.280818 0.203053 0.000000 0.000000 0.000000 1.000000</float_array><technique_common><accessor source="#Hips-Matrix-animation-output-transform-array" count="31" stride="16"><param type="float4x4"/></accessor></technique_common></source><source id="Hips-Interpolations"><Name_array id="Hips-Interpolations-array" count="31">
 LINEAR LINEAR LINEAR LINEAR LINEAR LINEAR LINEAR LINEAR LINEAR LINEAR LINEAR
LINEAR LINEAR LINEAR LINEAR LINEAR LINEAR LINEAR LINEAR LINEAR LINEAR LINEAR LINEAR
LINEAR LINEAR LINEAR LINEAR LINEAR LINEAR LINEAR LINEAR</Name_array><technique_common><accessor source="#Hips-Interpolations-array" count="31"><param type="name"/></accessor></technique_common></source><sampler id="Hips-Matrix-animation-transform"><input semantic="INPUT" source="#Hips-Matrix-animation-input"/><input semantic="OUTPUT" source="#Hips-Matrix-animation-output-transform"/><input semantic="INTERPOLATION" source="#Hips-Interpolations"/></sampler><channel source="#Hips-Matrix-animation-transform" target="Hips/matrix"/></animation>
    <animation id="Spine-anim" name="Spine"><source id="Spine-Matrix-animation-input"><float_array id="Spine-Matrix-animation-input-array" count="31">

0.000000 0.033333 0.066667 0.100000 0.133333 0.166667 0.200000 0.233333 0.266667 0.300000 0.333333 0.366667 0.400000 0.433333 0.466667 0.500000
0.533333 0.566667 0.600000 0.633333 0.666667 0.700000 0.733333 0.766667 0.800000 0.833333 0.866667 0.900000 0.933333 0.966667 1.000000</float_array><technique_common><accessor source="#Spine-Matrix-animation-input-array" count="31"><param name="TIME" type="float"/></accessor></technique_common></source><source id="Spine-Matrix-animation-output-transform"><float_array id="Spine-Matrix-animation-output-transform-array" count="496">

0.990276 0.027588 0.136357 -0.000000 0.046269 0.859033 -0.509825 9.226300 -0.131200 0.511176 0.849403 1.577100 0.000000 0.000000 0.000000 1.000000
0.989700 0.035766 0.138615 0.000000 0.039874 0.861094 -0.506880 9.226300 -0.137490 0.507186 0.850799 1.577100 0.000000 0.000000 0.000000 1.000000
0.988649 0.043458 0.143821 0.000000 0.034345 0.866536 -0.497931 9.226300 -0.146265 0.497219 0.855208 1.577100 0.000000 0.000000 0.000000 1.000000
0.987137 0.051456 0.151371 0.000000 0.028932 0.873665 -0.485667 9.226300 -0.157238 0.483799 0.860938 1.577100 0.000000 0.000000 0.000000 1.000000
0.985268 0.058979 0.160525 -0.000000 0.024063 0.881501 -0.471569 9.226300 -0.169316 0.468485 0.867095 1.577100 0.000000 0.000000 0.000000 1.000000
0.983175 0.064194 0.171017 -0.000000 0.021386 0.889327 -0.456771 9.226300 -0.181412 0.452743 0.872991 1.577100 0.000000 0.000000 0.000000 1.000000
0.981039 0.067118 0.181818 0.000000 0.020883 0.896050 -0.443461 9.226300 -0.192682 0.438849 0.877659 1.577100 0.000000 0.000000 0.000000 1.000000
0.979091 0.067342 0.191952 0.000000 0.022846 0.901242 -0.432714 9.226300 -0.202135 0.428052 0.880859 1.577100 0.000000 0.000000 0.000000 1.000000
0.977391 0.064861 0.201245 0.000000 0.028023 0.903655 -0.427344 9.226300 -0.209574 0.423322 0.881406 1.577100 0.000000 0.000000 0.000000 1.000000
0.976182 0.062551 0.207739 0.000000 0.033482 0.902626 -0.429121 9.226300 -0.214352 0.425856 0.879033 1.577100 0.000000 0.000000 0.000000 1.000000
0.977135 0.054726 0.205456 -0.000000 0.040640 0.900419 -0.433121 9.226300 -0.208700 0.431567 0.877607 1.577100 0.000000 0.000000 0.000000 1.000000
0.979318 0.039208 0.198493 0.000000 0.052811 0.897500 -0.437840 9.226300 -0.195315 0.439267 0.876867 1.577100 0.000000 0.000000 0.000000 1.000000
0.981749 0.019155 0.189213 0.000000 0.068088 0.893563 -0.443744 9.226300 -0.177574 0.448529 0.875951 1.577100 0.000000 0.000000 0.000000 1.000000
0.983871 -0.003418 0.178849 -0.000000 0.084787 0.889285 -0.449426 9.226300 -0.157511 0.457341 0.875231 1.577100 0.000000 0.000000 0.000000 1.000000
0.985334 -0.027840 0.168353 -0.000000 0.102556 0.885150 -0.453864 9.226300 -0.136382 0.464473 0.875023 1.577100 0.000000 0.000000 0.000000 1.000000
0.986032 -0.052566 0.158045 0.000000 0.120068 0.881974 -0.455748 9.226300 -0.115434 0.468358 0.875966 1.577100 0.000000 0.000000 0.000000 1.000000
0.986052 -0.076204 0.147969 -0.000000 0.136185 0.880494 -0.454074 9.226300 -0.095683 0.467892 0.878591 1.577100 0.000000 0.000000 0.000000 1.000000
0.985555 -0.097644 0.138372 0.000000 0.150200 0.881422 -0.447811 9.226300 -0.078238 0.462126 0.883357 1.577100 0.000000 0.000000 0.000000 1.000000
0.984754 -0.115849 0.129765 0.000000 0.161828 0.883741 -0.439106 9.226300 -0.063809 0.453411 0.889015 1.577100 0.000000 0.000000 0.000000 1.000000
0.984123 -0.128817 0.122096 0.000000 0.169495 0.886198 -0.431189 9.226300 -0.052657 0.445038 0.893962 1.577100 0.000000 0.000000 0.000000 1.000000
0.984287 -0.133130 0.115998 -0.000000 0.170334 0.889000 -0.425047 9.226300 -0.046535 0.438127 0.897708 1.577100 0.000000 0.000000 0.000000 1.000000
0.984875 -0.132223 0.111974 0.000000 0.167492 0.891980 -0.419903 9.226300 -0.044358 0.432306 0.900635 1.577100 0.000000 0.000000 0.000000 1.000000
0.985549 -0.128246 0.110659 0.000000 0.163128 0.894559 -0.416117 9.226300 -0.045626 0.428155 0.902553 1.577100 0.000000 0.000000 0.000000 1.000000
0.986694 -0.118408 0.111419 0.000000 0.154473 0.896509 -0.415223 9.226300 -0.050722 0.426909 0.902871 1.577100 0.000000 0.000000 0.000000 1.000000
0.988318 -0.102926 0.112397 0.000000 0.141249 0.895561 -0.421923 9.226300 -0.057232 0.432870 0.899638 1.577100 0.000000 0.000000 0.000000 1.000000
0.989849 -0.083151 0.115258 0.000000 0.125558 0.891591 -0.435086 9.226300 -0.066585 0.445141 0.892981 1.577100 0.000000 0.000000 0.000000 1.000000
0.990957 -0.061132 0.119446 0.000000 0.109166 0.884919 -0.452770 9.226300 -0.078021 0.461715 0.883590 1.577100 0.000000 0.000000 0.000000 1.000000
0.991501 -0.037852 0.124474 -0.000000 0.092694 0.876870 -0.471706 9.226300 -0.091292 0.479234 0.872926 1.577100 0.000000 0.000000 0.000000 1.000000
0.991518 -0.014412 0.129169 0.000000 0.076360 0.868813 -0.489218 9.226300 -0.105173 0.494931 0.862544 1.577100 0.000000 0.000000 0.000000 1.000000
0.991106 0.007861 0.132840 0.000000 0.060536 0.862345 -0.502689 9.226300 -0.118506 0.506259 0.854200 1.577100 0.000000 0.000000 0.000000 1.000000
0.990274 0.027572 0.136371 0.000000 0.046287 0.859047 -0.509800 9.226300 -0.131205 0.511154 0.849416 1.577100 0.000000 0.000000 0.000000 1.000000</float_array><technique_common><accessor source="#Spine-Matrix-animation-output-transform-array" count="31" stride="16"><param type="float4x4"/></accessor></technique_common></source><source id="Spine-Interpolations"><Name_array id="Spine-Interpolations-array" count="31">
 LINEAR LINEAR LINEAR LINEAR LINEAR LINEAR LINEAR LINEAR LINEAR LINEAR LINEAR
LINEAR LINEAR LINEAR LINEAR LINEAR LINEAR LINEAR LINEAR LINEAR LINEAR LINEAR LINEAR
LINEAR LINEAR LINEAR LINEAR LINEAR LINEAR LINEAR LINEAR</Name_array><technique_common><accessor source="#Spine-Interpolations-array" count="31"><param type="name"/></accessor></technique_common></source><sampler id="Spine-Matrix-animation-transform"><input semantic="INPUT" source="#Spine-Matrix-animation-input"/><input semantic="OUTPUT" source="#Spine-Matrix-animation-output-transform"/><input semantic="INTERPOLATION" source="#Spine-Interpolations"/></sampler><channel source="#Spine-Matrix-animation-transform" target="Spine/matrix"/></animation>
    <animation id="Spine1-anim" name="Spine1"><source id="Spine1-Matrix-animation-input"><float_array id="Spine1-Matrix-animation-input-array" count="31">

0.000000 0.033333 0.066667 0.100000 0.133333 0.166667 0.200000 0.233333 0.266667 0.300000 0.333333 0.366667 0.400000 0.433333 0.466667 0.500000
0.533333 0.566667 0.600000 0.633333 0.666667 0.700000 0.733333 0.766667 0.800000 0.833333 0.866667 0.900000 0.933333 0.966667 1.000000</float_array><technique_common><accessor source="#Spine1-Matrix-animation-input-array" count="31"><param name="TIME" type="float"/></accessor></technique_common></source><source id="Spine1-Matrix-animation-output-transform"><float_array id="Spine1-Matrix-animation-output-transform-array" count="496">

0.985668 0.168645 0.004195 -0.000000 -0.161143 0.948594 -0.272400 16.254000 -0.049918 0.267820 0.962175 -0.165600 0.000000 0.000000 0.000000 1.000000
0.985701 0.168455 0.004062 -0.000000 -0.160989 0.948588 -0.272514 16.254000 -0.049759 0.267963 0.962143 -0.165600 0.000000 0.000000 0.000000 1.000000
0.985497 0.169648 0.003900 0.000000 -0.162133 0.948128 -0.273435 16.254000 -0.050085 0.268837 0.961882 -0.165600 0.000000 0.000000 0.000000 1.000000
0.985278 0.170915 0.003924 -0.000000 -0.163315 0.947759 -0.274011 16.254000 -0.050552 0.269336 0.961719 -0.165600 0.000000 0.000000 0.000000 1.000000
0.985130 0.171751 0.004496 0.000000 -0.163950 0.947563 -0.274307 16.254000 -0.051373 0.269491 0.961632 -0.165600 0.000000 0.000000 0.000000 1.000000
0.984891 0.173100 0.005135 0.000000 -0.165053 0.947253 -0.274718 16.254000 -0.052418 0.269720 0.961511 -0.165600 0.000000 0.000000 0.000000 1.000000
0.984637 0.174521 0.005675 0.000000 -0.166252 0.946930 -0.275109 16.254000 -0.053386 0.269939 0.961396 -0.165600 0.000000 0.000000 0.000000 1.000000
0.984466 0.175463 0.006277 -0.000000 -0.166963 0.946639 -0.275676 16.254000 -0.054312 0.270345 0.961230 -0.165600 0.000000 0.000000 0.000000 1.000000
0.984373 0.175984 0.006204 0.000000 -0.167494 0.946596 -0.275503 16.254000 -0.054357 0.270159 0.961280 -0.165600 0.000000 0.000000 0.000000 1.000000
0.984544 0.175008 0.006772 -0.000000 -0.166434 0.946948 -0.274935 16.254000 -0.054528 0.269558 0.961439 -0.165600 0.000000 0.000000 0.000000 1.000000
0.984851 0.173290 0.006301 0.000000 -0.164949 0.947419 -0.274207 16.254000 -0.053487 0.269014 0.961650 -0.165600 0.000000 0.000000 0.000000 1.000000
0.985007 0.172444 0.004950 0.000000 -0.164514 0.947572 -0.273938 16.254000 -0.051930 0.269017 0.961735 -0.165600 0.000000 0.000000 0.000000 1.000000
0.985236 0.171160 0.003657 0.000000 -0.163635 0.947772 -0.273772 16.254000 -0.050325 0.269131 0.961788 -0.165600 0.000000 0.000000 0.000000 1.000000
0.985501 0.169652 0.002311 0.000000 -0.162568 0.948070 -0.273378 16.254000 -0.048570 0.269038 0.961904 -0.165600 0.000000 0.000000 0.000000 1.000000
0.985722 0.168376 0.000807 0.000000 -0.161783 0.948432 -0.272587 16.254000 -0.046662 0.268564 0.962131 -0.165600 0.000000 0.000000 0.000000 1.000000
0.985876 0.167475 -0.000550 0.000000 -0.161287 0.948554 -0.272455 16.254000 -0.045108 0.268695 0.962169 -0.165600 0.000000 0.000000 0.000000 1.000000
0.986079 0.166269 -0.001662 0.000000 -0.160446 0.948827 -0.272002 16.254000 -0.043649 0.268482 0.962295 -0.165600 0.000000 0.000000 0.000000 1.000000
0.986216 0.165446 -0.002491 -0.000000 -0.159936 0.949300 -0.270648 16.254000 -0.042413 0.267316 0.962675 -0.165600 0.000000 0.000000 0.000000 1.000000
0.986421 0.164209 -0.003024 0.000000 -0.158881 0.949428 -0.270820 16.254000 -0.041600 0.267623 0.962625 -0.165600 0.000000 0.000000 0.000000 1.000000
0.986475 0.163883 -0.003005 0.000000 -0.158587 0.949635 -0.270267 16.254000 -0.041438 0.267088 0.962781 -0.165600 0.000000 0.000000 0.000000 1.000000
0.986743 0.162277 -0.002020 -0.000000 -0.156795 0.950049 -0.269855 16.254000 -0.041872 0.266595 0.962899 -0.165600 0.000000 0.000000 0.000000 1.000000
0.986899 0.161336 -0.001214 0.000000 -0.155692 0.950342 -0.269464 16.254000 -0.042320 0.266123 0.963010 -0.165600 0.000000 0.000000 0.000000 1.000000
0.986854 0.161608 -0.001364 -0.000000 -0.155996 0.950313 -0.269389 16.254000 -0.042240 0.266060 0.963031 -0.165600 0.000000 0.000000 0.000000 1.000000
0.986679 0.162668 -0.001752 0.000000 -0.157099 0.949988 -0.269893 16.254000 -0.042239 0.266573 0.962889 -0.165600 0.000000 0.000000 0.000000 1.000000
0.986503 0.163734 -0.001703 0.000000 -0.158101 0.949755 -0.270130 16.254000 -0.042612 0.266753 0.962822 -0.165600 0.000000 0.000000 0.000000 1.000000
0.986390 0.164420 -0.001260 -0.000000 -0.158614 0.949486 -0.270773 16.254000 -0.043324 0.267288 0.962642 -0.165600 0.000000 0.000000 0.000000 1.000000
0.986195 0.165584 -0.000782 -0.000000 -0.159593 0.949236 -0.271075 16.254000 -0.044143 0.267457 0.962558 -0.165600 0.000000 0.000000 0.000000 1.000000
0.986017 0.166647 0.000337 0.000000 -0.160309 0.949064 -0.271252 16.254000 -0.045524 0.267405 0.962508 -0.165600 0.000000 0.000000 0.000000 1.000000
0.985912 0.167257 0.001470 -0.000000 -0.160562 0.948839 -0.271891 16.254000 -0.046870 0.267824 0.962327 -0.165600 0.000000 0.000000 0.000000 1.000000
0.985798 0.167911 0.002821 -0.000000 -0.160810 0.948685 -0.272282 16.254000 -0.048395 0.267961 0.962213 -0.165600 0.000000 0.000000 0.000000 1.000000
0.985666 0.168658 0.004217 0.000000 -0.161148 0.948585 -0.272430 16.254000 -0.049948 0.267846 0.962166 -0.165600 0.000000 0.000000 0.000000 1.000000</float_array><technique_common><accessor source="#Spine1-Matrix-animation-output-transform-array" count="31" stride="16"><param type="float4x4"/></accessor></technique_common></source><source id="Spine1-Interpolations"><Name_array id="Spine1-Interpolations-array" count="31">
 LINEAR LINEAR LINEAR LINEAR LINEAR LINEAR LINEAR LINEAR LINEAR LINEAR LINEAR
LINEAR LINEAR LINEAR LINEAR LINEAR LINEAR LINEAR LINEAR LINEAR LINEAR LINEAR LINEAR
LINEAR LINEAR LINEAR LINEAR LINEAR LINEAR LINEAR LINEAR</Name_array><technique_common><accessor source="#Spine1-Interpolations-array" count="31"><param type="name"/></accessor></technique_common></source><sampler id="Spine1-Matrix-animation-transform"><input semantic="INPUT" source="#Spine1-Matrix-animation-input"/><input semantic="OUTPUT" source="#Spine1-Matrix-animation-output-transform"/><input semantic="INTERPOLATION" source="#Spine1-Interpolations"/></sampler><channel source="#Spine1-Matrix-animation-transform" target="Spine1/matrix"/></animation>
    <animation id="Spine2-anim" name="Spine2"><source id="Spine2-Matrix-animation-input"><float_array id="Spine2-Matrix-animation-input-array" count="31">

0.000000 0.033333 0.066667 0.100000 0.133333 0.166667 0.200000 0.233333 0.266667 0.300000 0.333333 0.366667 0.400000 0.433333 0.466667 0.500000
0.533333 0.566667 0.600000 0.633333 0.666667 0.700000 0.733333 0.766667 0.800000 0.833333 0.866667 0.900000 0.933333 0.966667 1.000000</float_array><technique_common><accessor source="#Spine2-Matrix-animation-input-array" count="31"><param name="TIME" type="float"/></accessor></technique_common></source><source id="Spine2-Matrix-animation-output-transform"><float_array id="Spine2-Matrix-animation-output-transform-array" count="496">

0.986092 0.163339 0.030721 -0.000000 -0.149013 0.950734 -0.271847 13.639600 -0.073610 0.263488 0.961850 -1.292300 0.000000 0.000000 0.000000 1.000000
0.986123 0.163171 0.030595 0.000000 -0.148877 0.950729 -0.271936 13.639600 -0.073459 0.263607 0.961829 -1.292300 0.000000 0.000000 0.000000 1.000000
0.985935 0.164376 0.030207 -0.000000 -0.150070 0.950276 -0.272865 13.639600 -0.073557 0.264494 0.961578 -1.292300 0.000000 0.000000 0.000000 1.000000
0.985725 0.165672 0.029983 -0.000000 -0.151335 0.949911 -0.273436 13.639600 -0.073782 0.264995 0.961423 -1.292300 0.000000 0.000000 0.000000 1.000000
0.985556 0.166605 0.030382 0.000000 -0.152110 0.949717 -0.273680 13.639600 -0.074451 0.265105 0.961341 -1.292300 0.000000 0.000000 0.000000 1.000000
0.985306 0.168006 0.030755 0.000000 -0.153331 0.949409 -0.274067 13.639600 -0.075244 0.265324 0.961219 -1.292300 0.000000 0.000000 0.000000 1.000000
0.985050 0.169457 0.031008 0.000000 -0.154631 0.949086 -0.274456 13.639600 -0.075938 0.265558 0.961100 -1.292300 0.000000 0.000000 0.000000 1.000000
0.984868 0.170429 0.031436 0.000000 -0.155409 0.948800 -0.275003 13.639600 -0.076695 0.265957 0.960929 -1.292300 0.000000 0.000000 0.000000 1.000000
0.984780 0.170982 0.031193 0.000000 -0.156020 0.948747 -0.274841 13.639600 -0.076587 0.265791 0.960984 -1.292300 0.000000 0.000000 0.000000 1.000000
0.984906 0.170123 0.031897 0.000000 -0.155056 0.949090 -0.274201 13.639600 -0.076921 0.265117 0.961143 -1.292300 0.000000 0.000000 0.000000 1.000000
0.985195 0.168479 0.031708 -0.000000 -0.153584 0.949551 -0.273430 13.639600 -0.076176 0.264512 0.961369 -1.292300 0.000000 0.000000 0.000000 1.000000
0.985395 0.167540 0.030432 0.000000 -0.153032 0.949697 -0.273232 13.639600 -0.074678 0.264585 0.961467 -1.292300 0.000000 0.000000 0.000000 1.000000
0.985664 0.166154 0.029318 0.000000 -0.152000 0.949892 -0.273134 13.639600 -0.073231 0.264762 0.961529 -1.292300 0.000000 0.000000 0.000000 1.000000
0.985966 0.164553 0.028184 -0.000000 -0.150782 0.950182 -0.272799 13.639600 -0.071670 0.264721 0.961658 -1.292300 0.000000 0.000000 0.000000 1.000000
0.986231 0.163185 0.026826 0.000000 -0.149877 0.950530 -0.272084 13.639600 -0.069899 0.264317 0.961899 -1.292300 0.000000 0.000000 0.000000 1.000000
0.986437 0.162139 0.025570 0.000000 -0.149206 0.950653 -0.272022 13.639600 -0.068414 0.264518 0.961951 -1.292300 0.000000 0.000000 0.000000 1.000000
0.986674 0.160840 0.024584 0.000000 -0.148246 0.950927 -0.271588 13.639600 -0.067060 0.264325 0.962099 -1.292300 0.000000 0.000000 0.000000 1.000000
0.986839 0.159958 0.023692 -0.000000 -0.147725 0.951396 -0.270229 13.639600 -0.065766 0.263173 0.962505 -1.292300 0.000000 0.000000 0.000000 1.000000
0.987044 0.158731 0.023438 -0.000000 -0.146601 0.951535 -0.270349 13.639600 -0.065215 0.263410 0.962477 -1.292300 0.000000 0.000000 0.000000 1.000000
0.987096 0.158394 0.023507 0.000000 -0.146297 0.951745 -0.269777 13.639600 -0.065103 0.262857 0.962636 -1.292300 0.000000 0.000000 0.000000 1.000000
0.987290 0.156966 0.024900 0.000000 -0.144591 0.952163 -0.269218 13.639600 -0.065967 0.262196 0.962757 -1.292300 0.000000 0.000000 0.000000 1.000000
0.987398 0.156129 0.025878 -0.000000 -0.143562 0.952462 -0.268713 13.639600 -0.066601 0.261611 0.962873 -1.292300 0.000000 0.000000 0.000000 1.000000
0.987358 0.156414 0.025690 0.000000 -0.143892 0.952435 -0.268631 13.639600 -0.066485 0.261538 0.962901 -1.292300 0.000000 0.000000 0.000000 1.000000
0.987216 0.157395 0.025114 0.000000 -0.144951 0.952116 -0.269191 13.639600 -0.066281 0.262109 0.962759 -1.292300 0.000000 0.000000 0.000000 1.000000
0.987061 0.158391 0.024960 -0.000000 -0.145932 0.951885 -0.269478 13.639600 -0.066442 0.262348 0.962683 -1.292300 0.000000 0.000000 0.000000 1.000000
0.986947 0.159033 0.025364 -0.000000 -0.146398 0.951623 -0.270150 13.639600 -0.067100 0.262910 0.962484 -1.292300 0.000000 0.000000 0.000000 1.000000
0.986764 0.160109 0.025730 0.000000 -0.147313 0.951373 -0.270534 13.639600 -0.067794 0.263163 0.962367 -1.292300 0.000000 0.000000 0.000000 1.000000
0.986562 0.161187 0.026736 0.000000 -0.148072 0.951199 -0.270729 13.639600 -0.069069 0.263132 0.962284 -1.292300 0.000000 0.000000 0.000000 1.000000
0.986424 0.161818 0.027966 0.000000 -0.148310 0.950977 -0.271381 13.639600 -0.070509 0.263549 0.962066 -1.292300 0.000000 0.000000 0.000000 1.000000
0.986266 0.162537 0.029336 0.000000 -0.148613 0.950825 -0.271748 13.639600 -0.072062 0.263656 0.961921 -1.292300 0.000000 0.000000 0.000000 1.000000
0.986090 0.163346 0.030742 -0.000000 -0.149012 0.950725 -0.271876 13.639600 -0.073637 0.263513 0.961841 -1.292300 0.000000 0.000000 0.000000 1.000000</float_array><technique_common><accessor source="#Spine2-Matrix-animation-output-transform-array" count="31" stride="16"><param type="float4x4"/></accessor></technique_common></source><source id="Spine2-Interpolations"><Name_array id="Spine2-Interpolations-array" count="31">
 LINEAR LINEAR LINEAR LINEAR LINEAR LINEAR LINEAR LINEAR LINEAR LINEAR LINEAR
LINEAR LINEAR LINEAR LINEAR LINEAR LINEAR LINEAR LINEAR LINEAR LINEAR LINEAR LINEAR
LINEAR LINEAR LINEAR LINEAR LINEAR LINEAR LINEAR LINEAR</Name_array><technique_common><accessor source="#Spine2-Interpolations-array" count="31"><param type="name"/></accessor></technique_common></source><sampler id="Spine2-Matrix-animation-transform"><input semantic="INPUT" source="#Spine2-Matrix-animation-input"/><input semantic="OUTPUT" source="#Spine2-Matrix-animation-output-transform"/><input semantic="INTERPOLATION" source="#Spine2-Interpolations"/></sampler><channel source="#Spine2-Matrix-animation-transform" target="Spine2/matrix"/></animation>
    <animation id="Neck-anim" name="Neck"><source id="Neck-Matrix-animation-input"><float_array id="Neck-Matrix-animation-input-array" count="31">

0.000000 0.033333 0.066667 0.100000 0.133333 0.166667 0.200000 0.233333 0.266667 0.300000 0.333333 0.366667 0.400000 0.433333 0.466667 0.500000
0.533333 0.566667 0.600000 0.633333 0.666667 0.700000 0.733333 0.766667 0.800000 0.833333 0.866667 0.900000 0.933333 0.966667 1.000000</float_array><technique_common><accessor source="#Neck-Matrix-animation-input-array" count="31"><param name="TIME" type="float"/></accessor></technique_common></source><source id="Neck-Matrix-animation-output-transform"><float_array id="Neck-Matrix-animation-output-transform-array" count="496">

0.988858 -0.006728 0.148712 -0.000000 -0.017230 0.987092 0.159226 13.877400 -0.147863 -0.160014 0.975977 -4.354200 0.000000 0.000000 0.000000 1.000000
0.988726 -0.006642 0.149588 -0.000000 -0.017434 0.987114 0.159064 13.877400 -0.148717 -0.159879 0.975870 -4.354200 0.000000 0.000000 0.000000 1.000000
0.988575 -0.006541 0.150589 0.000000 -0.017671 0.987139 0.158882 13.877400 -0.149691 -0.159728 0.975746 -4.354200 0.000000 0.000000 0.000000 1.000000
0.988414 -0.006424 0.151645 0.000000 -0.017931 0.987165 0.158691 13.877400 -0.150718 -0.159572 0.975613 -4.354200 0.000000 0.000000 0.000000 1.000000
0.988255 -0.006305 0.152685 -0.000000 -0.018189 0.987192 0.158498 13.877400 -0.151729 -0.159414 0.975482 -4.354200 0.000000 0.000000 0.000000 1.000000
0.988109 -0.006196 0.153629 0.000000 -0.018424 0.987216 0.158319 13.877400 -0.152646 -0.159267 0.975363 -4.354200 0.000000 0.000000 0.000000 1.000000
0.987988 -0.006124 0.154407 0.000000 -0.018602 0.987235 0.158180 13.877400 -0.153404 -0.159153 0.975263 -4.354200 0.000000 0.000000 0.000000 1.000000
0.987904 -0.006070 0.154947 -0.000000 -0.018729 0.987248 0.158085 13.877400 -0.153931 -0.159074 0.975193 -4.354200 0.000000 0.000000 0.000000 1.000000
0.987869 -0.006040 0.155174 0.000000 -0.018789 0.987254 0.158042 13.877400 -0.154150 -0.159040 0.975164 -4.354200 0.000000 0.000000 0.000000 1.000000
0.987891 -0.006053 0.155029 0.000000 -0.018756 0.987251 0.158065 13.877400 -0.154009 -0.159058 0.975183 -4.354200 0.000000 0.000000 0.000000 1.000000
0.987964 -0.006100 0.154566 -0.000000 -0.018646 0.987240 0.158146 13.877400 -0.153558 -0.159124 0.975243 -4.354200 0.000000 0.000000 0.000000 1.000000
0.988078 -0.006189 0.153827 0.000000 -0.018460 0.987220 0.158292 13.877400 -0.152840 -0.159245 0.975336 -4.354200 0.000000 0.000000 0.000000 1.000000
0.988225 -0.006290 0.152878 0.000000 -0.018231 0.987196 0.158466 13.877400 -0.151917 -0.159388 0.975457 -4.354200 0.000000 0.000000 0.000000 1.000000
0.988397 -0.006416 0.151759 0.000000 -0.017953 0.987169 0.158666 13.877400 -0.150830 -0.159550 0.975599 -4.354200 0.000000 0.000000 0.000000 1.000000
0.988581 -0.006542 0.150550 0.000000 -0.017664 0.987140 0.158882 13.877400 -0.149653 -0.159727 0.975752 -4.354200 0.000000 0.000000 0.000000 1.000000
0.988771 -0.006676 0.149289 -0.000000 -0.017360 0.987107 0.159118 13.877400 -0.148426 -0.159923 0.975907 -4.354200 0.000000 0.000000 0.000000 1.000000
0.988959 -0.006819 0.148033 0.000000 -0.017046 0.987076 0.159347 13.877400 -0.147206 -0.160111 0.976061 -4.354200 0.000000 0.000000 0.000000 1.000000
0.989136 -0.006941 0.146838 0.000000 -0.016761 0.987045 0.159565 13.877400 -0.146043 -0.160292 0.976206 -4.354200 0.000000 0.000000 0.000000 1.000000
0.989295 -0.007061 0.145761 0.000000 -0.016492 0.987021 0.159745 13.877400 -0.144997 -0.160439 0.976338 -4.354200 0.000000 0.000000 0.000000 1.000000
0.989425 -0.007158 0.144865 -0.000000 -0.016272 0.986998 0.159909 13.877400 -0.144126 -0.160575 0.976444 -4.354200 0.000000 0.000000 0.000000 1.000000
0.989523 -0.007228 0.144191 0.000000 -0.016109 0.986981 0.160026 13.877400 -0.143471 -0.160672 0.976525 -4.354200 0.000000 0.000000 0.000000 1.000000
0.989579 -0.007270 0.143805 -0.000000 -0.016016 0.986969 0.160111 13.877400 -0.143095 -0.160746 0.976568 -4.354200 0.000000 0.000000 0.000000 1.000000
0.989588 -0.007271 0.143747 0.000000 -0.016007 0.986969 0.160113 13.877400 -0.143038 -0.160747 0.976576 -4.354200 0.000000 0.000000 0.000000 1.000000
0.989555 -0.007255 0.143970 0.000000 -0.016054 0.986974 0.160076 13.877400 -0.143256 -0.160715 0.976549 -4.354200 0.000000 0.000000 0.000000 1.000000
0.989491 -0.007200 0.144415 -0.000000 -0.016170 0.986986 0.159994 13.877400 -0.143687 -0.160648 0.976497 -4.354200 0.000000 0.000000 0.000000 1.000000
0.989402 -0.007142 0.145027 0.000000 -0.016313 0.987000 0.159890 13.877400 -0.144284 -0.160561 0.976423 -4.354200 0.000000 0.000000 0.000000 1.000000
0.989295 -0.007061 0.145755 -0.000000 -0.016492 0.987019 0.159752 13.877400 -0.144991 -0.160446 0.976337 -4.354200 0.000000 0.000000 0.000000 1.000000
0.989179 -0.006978 0.146546 0.000000 -0.016684 0.987038 0.159618 13.877400 -0.145761 -0.160336 0.976241 -4.354200 0.000000 0.000000 0.000000 1.000000
0.989063 -0.006893 0.147335 0.000000 -0.016876 0.987058 0.159473 13.877400 -0.146527 -0.160215 0.976146 -4.354200 0.000000 0.000000 0.000000 1.000000
0.988953 -0.006816 0.148070 0.000000 -0.017054 0.987076 0.159343 13.877400 -0.147242 -0.160108 0.976056 -4.354200 0.000000 0.000000 0.000000 1.000000
0.988859 -0.006746 0.148699 0.000000 -0.017210 0.987092 0.159225 13.877400 -0.147854 -0.160011 0.975979 -4.354200 0.000000 0.000000 0.000000 1.000000</float_array><technique_common><accessor source="#Neck-Matrix-animation-output-transform-array" count="31" stride="16"><param type="float4x4"/></accessor></technique_common></source><source id="Neck-Interpolations"><Name_array id="Neck-Interpolations-array" count="31">
 LINEAR LINEAR LINEAR LINEAR LINEAR LINEAR LINEAR LINEAR LINEAR LINEAR LINEAR
LINEAR LINEAR LINEAR LINEAR LINEAR LINEAR LINEAR LINEAR LINEAR LINEAR LINEAR LINEAR
LINEAR LINEAR LINEAR LINEAR LINEAR LINEAR LINEAR LINEAR</Name_array><technique_common><accessor source="#Neck-Interpolations-array" count="31"><param type="name"/></accessor></technique_common></source><sampler id="Neck-Matrix-animation-transform"><input semantic="INPUT" source="#Neck-Matrix-animation-input"/><input semantic="OUTPUT" source="#Neck-Matrix-animation-output-transform"/><input semantic="INTERPOLATION" source="#Neck-Interpolations"/></sampler><channel source="#Neck-Matrix-animation-transform" target="Neck/matrix"/></animation>
    <animation id="Neck1-anim" name="Neck1"><source id="Neck1-Matrix-animation-input"><float_array id="Neck1-Matrix-animation-input-array" count="31">

0.000000 0.033333 0.066667 0.100000 0.133333 0.166667 0.200000 0.233333 0.266667 0.300000 0.333333 0.366667 0.400000 0.433333 0.466667 0.500000
0.533333 0.566667 0.600000 0.633333 0.666667 0.700000 0.733333 0.766667 0.800000 0.833333 0.866667 0.900000 0.933333 0.966667 1.000000</float_array><technique_common><accessor source="#Neck1-Matrix-animation-input-array" count="31"><param name="TIME" type="float"/></accessor></technique_common></source><source id="Neck1-Matrix-animation-output-transform"><float_array id="Neck1-Matrix-animation-output-transform-array" count="496">

1.000000 0.000000 -0.000000 0.000000 0.000000 1.000000 0.000000 4.340000 0.000000 -0.000000 1.000000 0.926900 0.000000 0.000000 0.000000 1.000000
1.000000 -0.000000 -0.000000 0.000000 -0.000000 1.000000 -0.000000 4.340000 -0.000000 -0.000000 1.000000 0.926900 0.000000 0.000000 0.000000 1.000000
1.000000 -0.000000 0.000000 0.000000 0.000000 1.000000 -0.000000 4.340000 0.000000 0.000000 1.000000 0.926900 0.000000 0.000000 0.000000 1.000000
1.000000 -0.000000 0.000000 0.000000 0.000000 1.000000 0.000000 4.340000 0.000000 0.000000 1.000000 0.926900 0.000000 0.000000 0.000000 1.000000
1.000000 0.000000 -0.000000 0.000000 0.000000 1.000000 -0.000000 4.340000 -0.000000 -0.000000 1.000000 0.926900 0.000000 0.000000 0.000000 1.000000
1.000000 -0.000000 -0.000000 -0.000000 0.000000 1.000000 0.000000 4.340000 0.000000 0.000000 1.000000 0.926900 0.000000 0.000000 0.000000 1.000000
1.000000 -0.000000 0.000000 0.000000 -0.000000 1.000000 -0.000000 4.340000 0.000000 -0.000000 1.000000 0.926900 0.000000 0.000000 0.000000 1.000000
1.000000 -0.000000 0.000000 -0.000000 -0.000000 1.000000 -0.000000 4.340000 0.000000 0.000000 1.000000 0.926900 0.000000 0.000000 0.000000 1.000000
1.000000 0.000000 0.000000 -0.000000 -0.000000 1.000000 0.000000 4.340000 -0.000000 0.000000 1.000000 0.926900 0.000000 0.000000 0.000000 1.000000
1.000000 -0.000000 -0.000000 0.000000 0.000000 1.000000 0.000000 4.340000 0.000000 0.000000 1.000000 0.926900 0.000000 0.000000 0.000000 1.000000
1.000000 0.000000 0.000000 -0.000000 0.000000 1.000000 0.000000 4.340000 0.000000 0.000000 1.000000 0.926900 0.000000 0.000000 0.000000 1.000000
1.000000 0.000000 0.000000 -0.000000 0.000000 1.000000 -0.000000 4.340000 0.000000 0.000000 1.000000 0.926900 0.000000 0.000000 0.000000 1.000000
1.000000 -0.000000 0.000000 -0.000000 0.000000 1.000000 0.000000 4.340000 0.000000 0.000000 1.000000 0.926900 0.000000 0.000000 0.000000 1.000000
1.000000 0.000000 0.000000 0.000000 0.000000 1.000000 -0.000000 4.340000 0.000000 0.000000 1.000000 0.926900 0.000000 0.000000 0.000000 1.000000
1.000000 -0.000000 0.000000 0.000000 0.000000 1.000000 -0.000000 4.340000 0.000000 0.000000 1.000000 0.926900 0.000000 0.000000 0.000000 1.000000
1.000000 -0.000000 -0.000000 0.000000 0.000000 1.000000 0.000000 4.340000 -0.000000 0.000000 1.000000 0.926900 0.000000 0.000000 0.000000 1.000000
1.000000 0.000000 0.000000 0.000000 0.000000 1.000000 0.000000 4.340000 0.000000 0.000000 1.000000 0.926900 0.000000 0.000000 0.000000 1.000000
1.000000 0.000000 0.000000 0.000000 0.000000 1.000000 0.000000 4.340000 -0.000000 -0.000000 1.000000 0.926900 0.000000 0.000000 0.000000 1.000000
1.000000 0.000000 -0.000000 0.000000 -0.000000 1.000000 -0.000000 4.340000 0.000000 0.000000 1.000000 0.926900 0.000000 0.000000 0.000000 1.000000
1.000000 0.000000 0.000000 -0.000000 0.000000 1.000000 0.000000 4.340000 0.000000 0.000000 1.000000 0.926900 0.000000 0.000000 0.000000 1.000000
1.000000 0.000000 0.000000 0.000000 0.000000 1.000000 0.000000 4.340000 0.000000 -0.000000 1.000000 0.926900 0.000000 0.000000 0.000000 1.000000
1.000000 -0.000000 -0.000000 0.000000 -0.000000 1.000000 0.000000 4.340000 0.000000 0.000000 1.000000 0.926900 0.000000 0.000000 0.000000 1.000000
1.000000 0.000000 0.000000 0.000000 0.000000 1.000000 0.000000 4.340000 0.000000 0.000000 1.000000 0.926900 0.000000 0.000000 0.000000 1.000000
1.000000 0.000000 -0.000000 -0.000000 0.000000 1.000000 0.000000 4.340000 -0.000000 0.000000 1.000000 0.926900 0.000000 0.000000 0.000000 1.000000
1.000000 0.000000 0.000000 0.000000 0.000000 1.000000 0.000000 4.340000 0.000000 0.000000 1.000000 0.926900 0.000000 0.000000 0.000000 1.000000
1.000000 -0.000000 0.000000 -0.000000 0.000000 1.000000 -0.000000 4.340000 0.000000 -0.000000 1.000000 0.926900 0.000000 0.000000 0.000000 1.000000
1.000000 0.000000 -0.000000 -0.000000 0.000000 1.000000 0.000000 4.340000 -0.000000 0.000000 1.000000 0.926900 0.000000 0.000000 0.000000 1.000000
1.000000 0.000000 -0.000000 0.000000 0.000000 1.000000 0.000000 4.340000 -0.000000 0.000000 1.000000 0.926900 0.000000 0.000000 0.000000 1.000000
1.000000 0.000000 0.000000 0.000000 0.000000 1.000000 0.000000 4.340000 0.000000 0.000000 1.000000 0.926900 0.000000 0.000000 0.000000 1.000000
1.000000 0.000000 0.000000 0.000000 -0.000000 1.000000 0.000000 4.340000 0.000000 -0.000000 1.000000 0.926900 0.000000 0.000000 0.000000 1.000000
1.000000 0.000000 0.000000 0.000000 0.000000 1.000000 -0.000000 4.340000 0.000000 0.000000 1.000000 0.926900 0.000000 0.000000 0.000000 1.000000</float_array><technique_common><accessor source="#Neck1-Matrix-animation-output-transform-array" count="31" stride="16"><param type="float4x4"/></accessor></technique_common></source><source id="Neck1-Interpolations"><Name_array id="Neck1-Interpolations-array" count="31">
 LINEAR LINEAR LINEAR LINEAR LINEAR LINEAR LINEAR LINEAR LINEAR LINEAR LINEAR
LINEAR LINEAR LINEAR LINEAR LINEAR LINEAR LINEAR LINEAR LINEAR LINEAR LINEAR LINEAR
LINEAR LINEAR LINEAR LINEAR LINEAR LINEAR LINEAR LINEAR</Name_array><technique_common><accessor source="#Neck1-Interpolations-array" count="31"><param type="name"/></accessor></technique_common></source><sampler id="Neck1-Matrix-animation-transform"><input semantic="INPUT" source="#Neck1-Matrix-animation-input"/><input semantic="OUTPUT" source="#Neck1-Matrix-animation-output-transform"/><input semantic="INTERPOLATION" source="#Neck1-Interpolations"/></sampler><channel source="#Neck1-Matrix-animation-transform" target="Neck1/matrix"/></animation>
    <animation id="Head-anim" name="Head"><source id="Head-Matrix-animation-input"><float_array id="Head-Matrix-animation-input-array" count="31">

0.000000 0.033333 0.066667 0.100000 0.133333 0.166667 0.200000 0.233333 0.266667 0.300000 0.333333 0.366667 0.400000 0.433333 0.466667 0.500000
0.533333 0.566667 0.600000 0.633333 0.666667 0.700000 0.733333 0.766667 0.800000 0.833333 0.866667 0.900000 0.933333 0.966667 1.000000</float_array><technique_common><accessor source="#Head-Matrix-animation-input-array" count="31"><param name="TIME" type="float"/></accessor></technique_common></source><source id="Head-Matrix-animation-output-transform"><float_array id="Head-Matrix-animation-output-transform-array" count="496">

0.825664 -0.012478 0.564024 0.000000 -0.188760 0.936025 0.297030 4.026600 -0.531647 -0.351712 0.770487 0.858500 0.000000 0.000000 0.000000 1.000000
0.823092 -0.012471 0.567772 -0.000000 -0.189880 0.936178 0.295830 4.026600 -0.535225 -0.351304 0.768193 0.858500 0.000000 0.000000 0.000000 1.000000
0.820276 -0.012464 0.571832 -0.000000 -0.191087 0.936347 0.294518 4.026600 -0.539104 -0.350856 0.765681 0.858500 0.000000 0.000000 0.000000 1.000000
0.817348 -0.012507 0.576008 -0.000000 -0.192275 0.936526 0.293171 4.026600 -0.543114 -0.350375 0.763063 0.858500 0.000000 0.000000 0.000000 1.000000
0.814438 -0.012561 0.580114 -0.000000 -0.193431 0.936703 0.291844 4.026600 -0.547060 -0.349901 0.760457 0.858500 0.000000 0.000000 0.000000 1.000000
