<?xml version="1.0" encoding="utf-8"?>
<COLLADA xmlns="http://www.collada.org/2005/11/COLLADASchema" version="1.4.1">
  <asset><contributor><author>Mixamo</author><authoring_tool>COLLADA Mixamo exporter</authoring_tool><comments></comments></contributor><created>2018-10-06T11:21:10Z</created><modified>2018-10-06T11:21:10Z</modified><revision></revision><title></title><unit meter="0.010000"/><up_axis>Y_UP</up_axis></asset>
  <library_animations>
    <animation id="Hips-anim" name="Hips"><source id="Hips-Matrix-animation-input"><float_array id="Hips-Matrix-animation-input-array" count="31">

0.000000 0.033333 0.066667 0.100000 0.133333 0.166667 0.200000 0.233333 0.266667 0.300000 0.333333 0.366667 0.400000 0.433333 0.466667 0.500000
0.533333 0.566667 0.600000 0.633333 0.666667 0.700000 0.733333 0.766667 0.800000 0.833333 0.866667 0.900000 0.933333 0.966667 1.000000</float_array><technique_common><accessor source="#Hips-Matrix-animation-input-array" count="31"><param name="TIME" type="float"/></accessor></technique_common></source><source id="Hips-Matrix-animation-output-transform"><float_array id="Hips-Matrix-animation-output-transform-array" count="496">

0.907927 -0.044855 -0.416721 -0.021412 0.038442 0.998978 -0.023772 67.256332 0.417362 0.005564 0.908724 0.468816 0.000000 0.000000 0.000000 1.000000
0.899197 -0.046810 -0.435032 -0.014887 0.038400 0.998867 -0.028107 67.551689 0.435855 0.008568 0.899976 5.698189 0.000000 0.000000 0.000000 1.000000
0.888723 -0.052568 -0.455421 -0.004714 0.041357 0.998547 -0.034553 67.870140 0.456576 0.011873 0.889605 12.062247 0.000000 0.000000 0.000000 1.000000
0.877141 -0.060016 -0.476467 0.014507 0.045489 0.998083 -0.041977 68.167313 0.478073 0.015146 0.878190 17.670004 0.000000 0.000000 0.000000 1.000000
0.865257 -0.067513 -0.496763 0.041391 0.049603 0.997558 -0.049176 68.400230 0.498869 0.017909 0.866492 23.037117 0.000000 0.000000 0.000000 1.000000
0.854092 -0.073107 -0.514958 0.073858 0.052264 0.997124 -0.054875 68.537659 0.517489 0.019955 0.855457 28.340475 0.000000 0.000000 0.000000 1.000000
0.844644 -0.074697 -0.530091 0.119345 0.051913 0.996979 -0.057769 68.531204 0.532805 0.021276 0.845970 34.377148 0.000000 0.000000 0.000000 1.000000
0.837427 -0.068488 -0.542241 0.158859 0.044929 0.997386 -0.056588 68.225296 0.544700 0.023026 0.838315 42.142097 0.000000 0.000000 0.000000 1.000000
0.833649 -0.053310 -0.549715 0.136175 0.030946 0.998276 -0.049879 67.717468 0.551426 0.024570 0.833862 50.959660 0.000000 0.000000 0.000000 1.000000
0.833910 -0.032775 -0.550926 0.077027 0.013069 0.999128 -0.039657 67.146362 0.551745 0.025870 0.833612 60.214813 0.000000 0.000000 0.000000 1.000000
0.837117 -0.014420 -0.546835 -0.005259 -0.003753 0.999478 -0.032101 66.671982 0.547012 0.028925 0.836625 68.809914 0.000000 0.000000 0.000000 1.000000
0.842575 0.002084 -0.538575 -0.082709 -0.019990 0.999425 -0.027406 66.385902 0.538208 0.033857 0.842132 75.198631 0.000000 0.000000 0.000000 1.000000
0.849815 0.016078 -0.526836 -0.139491 -0.034644 0.999077 -0.025393 66.596321 0.525941 0.039832 0.849588 81.894409 0.000000 0.000000 0.000000 1.000000
0.858825 0.026918 -0.511561 -0.165412 -0.046718 0.998573 -0.025888 67.240219 0.510134 0.046132 0.858857 88.322144 0.000000 0.000000 0.000000 1.000000
0.868954 0.035541 -0.493614 -0.144893 -0.057084 0.997959 -0.028637 67.869377 0.491589 0.053062 0.869209 94.831032 0.000000 0.000000 0.000000 1.000000
0.879329 0.042797 -0.474288 -0.086083 -0.066499 0.997231 -0.033304 68.450844 0.471550 0.060825 0.879739 101.259247 0.000000 0.000000 0.000000 1.000000
0.889339 0.048980 -0.454618 0.002019 -0.075077 0.996394 -0.039517 68.977425 0.451043 0.069275 0.889810 107.576508 0.000000 0.000000 0.000000 1.000000
0.898736 0.054151 -0.435133 0.097023 -0.082693 0.995470 -0.046914 69.432129 0.430621 0.078146 0.899143 113.843567 0.000000 0.000000 0.000000 1.000000
0.907447 0.058125 -0.416127 0.191833 -0.088990 0.994505 -0.055147 69.799812 0.410635 0.087074 0.907633 120.157166 0.000000 0.000000 0.000000 1.000000
0.915263 0.060728 -0.398254 0.272280 -0.093698 0.993552 -0.063835 70.071129 0.391810 0.095742 0.915051 126.608887 0.000000 0.000000 0.000000 1.000000
0.922057 0.061341 -0.382162 0.327868 -0.096130 0.992718 -0.072596 70.150085 0.374925 0.103675 0.921240 133.316956 0.000000 0.000000 0.000000 1.000000
0.927666 0.059904 -0.368574 0.354593 -0.096265 0.992050 -0.081051 69.943848 0.360788 0.110669 0.926058 140.395035 0.000000 0.000000 0.000000 1.000000
0.932000 0.055576 -0.358171 0.352413 -0.093277 0.991668 -0.088843 69.524147 0.350250 0.116211 0.929419 147.911957 0.000000 0.000000 0.000000 1.000000
0.935081 0.047844 -0.351190 0.333123 -0.086673 0.991631 -0.095685 68.910744 0.343673 0.119912 0.931402 154.852020 0.000000 0.000000 0.000000 1.000000
0.936805 0.036201 -0.347973 0.293345 -0.075529 0.992104 -0.100124 68.155304 0.341601 0.120079 0.932143 161.166397 0.000000 0.000000 0.000000 1.000000
0.936074 0.020756 -0.351191 0.239777 -0.055102 0.994587 -0.088088 67.465881 0.347462 0.101808 0.932151 167.087494 0.000000 0.000000 0.000000 1.000000
0.932958 0.006786 -0.359922 0.178286 -0.036362 0.996485 -0.075467 66.880203 0.358144 0.083495 0.929925 172.909485 0.000000 0.000000 0.000000 1.000000
0.927810 -0.006476 -0.372996 0.114378 -0.018062 0.997897 -0.062254 66.683281 0.372615 0.064497 0.925742 179.111389 0.000000 0.000000 0.000000 1.000000
0.921315 -0.019190 -0.388343 0.059225 0.000161 0.998800 -0.048973 66.728355 0.388816 0.045057 0.920213 185.742371 0.000000 0.000000 0.000000 1.000000
0.914351 -0.031749 -0.403676 0.015388 0.018781 0.999174 -0.036045 66.947319 0.404487 0.025376 0.914192 191.918884 0.000000 0.000000 0.000000 1.000000
0.907927 -0.044855 -0.416721 -0.021412 0.038442 0.998978 -0.023772 67.256294 0.417362 0.005564 0.908723 196.049805 0.000000 0.000000 0.000000 1.000000</float_array><technique_common><accessor source="#Hips-Matrix-animation-output-transform-array" count="31" stride="16"><param type="float4x4"/></accessor></technique_common></source><source id="Hips-Interpolations"><Name_array id="Hips-Interpolations-array" count="31">
 LINEAR LINEAR LINEAR LINEAR LINEAR LINEAR LINEAR LINEAR LINEAR LINEAR LINEAR
LINEAR LINEAR LINEAR LINEAR LINEAR LINEAR LINEAR LINEAR LINEAR LINEAR LINEAR LINEAR
LINEAR LINEAR LINEAR LINEAR LINEAR LINEAR LINEAR LINEAR</Name_array><technique_common><accessor source="#Hips-Interpolations-array" count="31"><param type="name"/></accessor></technique_common></source><sampler id="Hips-Matrix-animation-transform"><input semantic="INPUT" source="#Hips-Matrix-animation-input"/><input semantic="OUTPUT" source="#Hips-Matrix-animation-output-transform"/><input semantic="INTERPOLATION" source="#Hips-Interpolations"/></sampler><channel source="#Hips-Matrix-animation-transform" target="Hips/matrix"/></animation>
    <animation id="Spine-anim" name="Spine"><source id="Spine-Matrix-animation-input"><float_array id="Spine-Matrix-animation-input-array" count="31">

0.000000 0.033333 0.066667 0.100000 0.133333 0.166667 0.200000 0.233333 0.266667 0.300000 0.333333 0.366667 0.400000 0.433333 0.466667 0.500000
0.533333 0.566667 0.600000 0.633333 0.666667 0.700000 0.733333 0.766667 0.800000 0.833333 0.866667 0.900000 0.933333 0.966667 1.000000</float_array><technique_common><accessor source="#Spine-Matrix-animation-input-array" count="31"><param name="TIME" type="float"/></accessor></technique_common></source><source id="Spine-Matrix-animation-output-transform"><float_array id="Spine-Matrix-animation-output-transform-array" count="496">

0.993948 0.108545 -0.016898 0.000000 -0.104955 0.892915 -0.437821 9.226300 -0.032434 0.436945 0.898903 1.577100 0.000000 0.000000 0.000000 1.000000
0.993600 0.112283 -0.012306 0.000000 -0.106272 0.892323 -0.438709 9.226300 -0.038278 0.437209 0.898545 1.577100 0.000000 0.000000 0.000000 1.000000
0.992743 0.119914 -0.009060 0.000000 -0.111782 0.892382 -0.437217 9.226300 -0.044344 0.435057 0.899310 1.577100 0.000000 0.000000 0.000000 1.000000
0.991842 0.127353 -0.005566 0.000000 -0.117202 0.893869 -0.432738 9.226300 -0.050135 0.429860 0.901503 1.577100 0.000000 0.000000 0.000000 1.000000
0.990817 0.135183 -0.002589 0.000000 -0.123338 0.895826 -0.426947 9.226300 -0.055396 0.423346 0.904273 1.577100 0.000000 0.000000 0.000000 1.000000
0.989934 0.141526 -0.000478 0.000000 -0.128600 0.898100 -0.420569 9.226300 -0.059092 0.416397 0.907261 1.577100 0.000000 0.000000 0.000000 1.000000
0.989418 0.145076 0.002263 0.000000 -0.131252 0.901565 -0.412255 9.226300 -0.061849 0.407595 0.911066 1.577100 0.000000 0.000000 0.000000 1.000000
0.989398 0.144986 0.008415 -0.000000 -0.129092 0.904526 -0.406409 9.226300 -0.066535 0.401014 0.913652 1.577100 0.000000 0.000000 0.000000 1.000000
0.990489 0.136521 0.017124 0.000000 -0.118102 0.907434 -0.403256 9.226300 -0.070592 0.397399 0.914927 1.577100 0.000000 0.000000 0.000000 1.000000
0.992345 0.120875 0.025305 0.000000 -0.100328 0.908561 -0.405527 9.226300 -0.072009 0.399884 0.913733 1.577100 0.000000 0.000000 0.000000 1.000000
0.993844 0.106565 0.030292 0.000000 -0.085023 0.908958 -0.408126 9.226300 -0.071026 0.403038 0.912423 1.577100 0.000000 0.000000 0.000000 1.000000
0.994990 0.094392 0.032930 0.000000 -0.072533 0.908298 -0.411988 9.226300 -0.068798 0.407535 0.910594 1.577100 0.000000 0.000000 0.000000 1.000000
0.995954 0.083187 0.033988 0.000000 -0.061555 0.907095 -0.416401 9.226300 -0.065470 0.412624 0.908546 1.577100 0.000000 0.000000 0.000000 1.000000
0.996762 0.073442 0.032745 0.000000 -0.052833 0.905133 -0.421832 9.226300 -0.060619 0.418736 0.906082 1.577100 0.000000 0.000000 0.000000 1.000000
0.997600 0.062669 0.029432 0.000000 -0.044286 0.904342 -0.424504 9.226300 -0.053220 0.422182 0.904947 1.577100 0.000000 0.000000 0.000000 1.000000
0.998352 0.051457 0.025392 0.000000 -0.035749 0.903912 -0.426222 9.226300 -0.044884 0.424612 0.904262 1.577100 0.000000 0.000000 0.000000 1.000000
0.999018 0.038866 0.021279 -0.000000 -0.026080 0.904002 -0.426731 9.226300 -0.035821 0.425757 0.904128 1.577100 0.000000 0.000000 0.000000 1.000000
0.999490 0.027046 0.016951 -0.000000 -0.017230 0.904212 -0.426737 9.226300 -0.026869 0.426227 0.904217 1.577100 0.000000 0.000000 0.000000 1.000000
0.999804 0.014911 0.012996 0.000000 -0.007959 0.904788 -0.425788 9.226300 -0.018107 0.425601 0.904730 1.577100 0.000000 0.000000 0.000000 1.000000
0.999951 0.005359 0.008328 0.000000 -0.001349 0.906778 -0.421605 9.226300 -0.009811 0.421573 0.906741 1.577100 0.000000 0.000000 0.000000 1.000000
0.999982 -0.004562 0.003914 0.000000 0.005772 0.910400 -0.413689 9.226300 -0.001676 0.413704 0.910410 1.577100 0.000000 0.000000 0.000000 1.000000
0.999907 -0.013638 -0.000279 0.000000 0.012381 0.915957 -0.401086 9.226300 0.005726 0.401045 0.916040 1.577100 0.000000 0.000000 0.000000 1.000000
0.999806 -0.019146 -0.004690 0.000000 0.015838 0.921922 -0.387051 9.226300 0.011734 0.386902 0.922046 1.577100 0.000000 0.000000 0.000000 1.000000
0.999752 -0.019947 -0.009917 0.000000 0.014833 0.928237 -0.371695 9.226300 0.016619 0.371455 0.928302 1.577100 0.000000 0.000000 0.000000 1.000000
0.999761 -0.014548 -0.016296 0.000000 0.007717 0.933075 -0.359599 9.226300 0.020437 0.359388 0.932965 1.577100 0.000000 0.000000 0.000000 1.000000
0.999782 0.002299 -0.020768 0.000000 -0.009791 0.929596 -0.368450 9.226300 0.018459 0.368572 0.929416 1.577100 0.000000 0.000000 0.000000 1.000000
0.999513 0.021031 -0.023043 0.000000 -0.028199 0.924984 -0.378960 9.226300 0.013345 0.379425 0.925126 1.577100 0.000000 0.000000 0.000000 1.000000
0.998886 0.041593 -0.022301 0.000000 -0.047008 0.918787 -0.391945 9.226300 0.004187 0.392557 0.919718 1.577100 0.000000 0.000000 0.000000 1.000000
0.997727 0.064323 -0.020094 -0.000000 -0.066933 0.911322 -0.406217 9.226300 -0.007817 0.406639 0.913556 1.577100 0.000000 0.000000 0.000000 1.000000
0.995982 0.087624 -0.018504 -0.000000 -0.087249 0.902774 -0.421174 9.226300 -0.020200 0.421096 0.906791 1.577100 0.000000 0.000000 0.000000 1.000000
0.993948 0.108542 -0.016906 0.000000 -0.104954 0.892892 -0.437869 9.226300 -0.032432 0.436994 0.898880 1.577100 0.000000 0.000000 0.000000 1.000000</float_array><technique_common><accessor source="#Spine-Matrix-animation-output-transform-array" count="31" stride="16"><param type="float4x4"/></accessor></technique_common></source><source id="Spine-Interpolations"><Name_array id="Spine-Interpolations-array" count="31">
 LINEAR LINEAR LINEAR LINEAR LINEAR LINEAR LINEAR LINEAR LINEAR LINEAR LINEAR
LINEAR LINEAR LINEAR LINEAR LINEAR LINEAR LINEAR LINEAR LINEAR LINEAR LINEAR LINEAR
LINEAR LINEAR LINEAR LINEAR LINEAR LINEAR LINEAR LINEAR</Name_array><technique_common><accessor source="#Spine-Interpolations-array" count="31"><param type="name"/></accessor></technique_common></source><sampler id="Spine-Matrix-animation-transform"><input semantic="INPUT" source="#Spine-Matrix-animation-input"/><input semantic="OUTPUT" source="#Spine-Matrix-animation-output-transform"/><input semantic="INTERPOLATION" source="#Spine-Interpolations"/></sampler><channel source="#Spine-Matrix-animation-transform" target="Spine/matrix"/></animation>
    <animation id="Spine1-anim" name="Spine1"><source id="Spine1-Matrix-animation-input"><float_array id="Spine1-Matrix-animation-input-array" count="31">

0.000000 0.033333 0.066667 0.100000 0.133333 0.166667 0.200000 0.233333 0.266667 0.300000 0.333333 0.366667 0.400000 0.433333 0.466667 0.500000
0.533333 0.566667 0.600000 0.633333 0.666667 0.700000 0.733333 0.766667 0.800000 0.833333 0.866667 0.900000 0.933333 0.966667 1.000000</float_array><technique_common><accessor source="#Spine1-Matrix-animation-input-array" count="31"><param name="TIME" type="float"/></accessor></technique_common></source><source id="Spine1-Matrix-animation-output-transform"><float_array id="Spine1-Matrix-animation-output-transform-array" count="496">

0.998799 -0.044375 -0.020746 0.000000 0.036891 0.960040 -0.277420 16.254000 0.032228 0.276321 0.960525 -0.165600 0.000000 0.000000 0.000000 1.000000
0.999058 -0.039687 -0.017551 0.000000 0.033475 0.962206 -0.270258 16.254000 0.027614 0.269416 0.962628 -0.165600 0.000000 0.000000 0.000000 1.000000
0.999337 -0.033545 -0.014176 0.000000 0.028605 0.963947 -0.264554 16.254000 0.022539 0.263973 0.964267 -0.165600 0.000000 0.000000 0.000000 1.000000
0.999632 -0.025647 -0.008867 -0.000000 0.022464 0.965390 -0.259840 16.254000 0.015224 0.259545 0.965611 -0.165600 0.000000 0.000000 0.000000 1.000000
0.999843 -0.017646 -0.001896 0.000000 0.016566 0.966254 -0.257059 16.254000 0.006368 0.256987 0.966394 -0.165600 0.000000 0.000000 0.000000 1.000000
0.999933 -0.010298 0.005226 0.000000 0.011292 0.966676 -0.255755 16.254000 -0.002418 0.255797 0.966728 -0.165600 0.000000 0.000000 0.000000 1.000000
0.999918 -0.004326 0.012023 0.000000 0.007283 0.966078 -0.258150 16.254000 -0.010499 0.258216 0.966030 -0.165600 0.000000 0.000000 0.000000 1.000000
0.999842 -0.002712 0.017563 -0.000000 0.007218 0.965070 -0.261891 16.254000 -0.016240 0.261977 0.964937 -0.165600 0.000000 0.000000 0.000000 1.000000
0.999773 -0.003090 0.021100 -0.000000 0.008651 0.963131 -0.268893 16.254000 -0.019491 0.269014 0.962939 -0.165600 0.000000 0.000000 0.000000 1.000000
0.999762 -0.004300 0.021367 0.000000 0.009997 0.961613 -0.274227 16.254000 -0.019367 0.274375 0.961428 -0.165600 0.000000 0.000000 0.000000 1.000000
0.999788 -0.006904 0.019388 0.000000 0.012002 0.960855 -0.276792 16.254000 -0.016718 0.276966 0.960734 -0.165600 0.000000 0.000000 0.000000 1.000000
0.999777 -0.012839 0.016738 0.000000 0.016989 0.960405 -0.278091 16.254000 -0.012505 0.278313 0.960409 -0.165600 0.000000 0.000000 0.000000 1.000000
0.999714 -0.019825 0.013407 0.000000 0.022773 0.960270 -0.278143 16.254000 -0.007360 0.278368 0.960446 -0.165600 0.000000 0.000000 0.000000 1.000000
0.999558 -0.028096 0.009751 0.000000 0.029697 0.960601 -0.276339 16.254000 -0.001602 0.276506 0.961011 -0.165600 0.000000 0.000000 0.000000 1.000000
0.999349 -0.035750 0.004824 0.000000 0.035698 0.960770 -0.275039 16.254000 0.005198 0.275032 0.961421 -0.165600 0.000000 0.000000 0.000000 1.000000
0.999061 -0.043310 -0.000662 0.000000 0.041464 0.960685 -0.274526 16.254000 0.012526 0.274241 0.961579 -0.165600 0.000000 0.000000 0.000000 1.000000
0.998716 -0.050266 -0.006360 -0.000000 0.046638 0.961087 -0.272281 16.254000 0.019799 0.271635 0.962197 -0.165600 0.000000 0.000000 0.000000 1.000000
0.998319 -0.056646 -0.012250 0.000000 0.051237 0.961431 -0.270232 16.254000 0.027085 0.269150 0.962717 -0.165600 0.000000 0.000000 0.000000 1.000000
0.997951 -0.061545 -0.017467 0.000000 0.054658 0.962103 -0.267153 16.254000 0.033247 0.265651 0.963496 -0.165600 0.000000 0.000000 0.000000 1.000000
0.997513 -0.067193 -0.021261 0.000000 0.059120 0.962010 -0.266536 16.254000 0.038362 0.264616 0.963590 -0.165600 0.000000 0.000000 0.000000 1.000000
0.997183 -0.070640 -0.025206 0.000000 0.061342 0.961505 -0.267854 16.254000 0.043157 0.265553 0.963130 -0.165600 0.000000 0.000000 0.000000 1.000000
0.996981 -0.072195 -0.028572 0.000000 0.061774 0.960484 -0.271395 16.254000 0.047036 0.268811 0.962044 -0.165600 0.000000 0.000000 0.000000 1.000000
0.996901 -0.072491 -0.030548 0.000000 0.061290 0.959185 -0.276058 16.254000 0.049313 0.273330 0.960655 -0.165600 0.000000 0.000000 0.000000 1.000000
0.996965 -0.071934 -0.029758 0.000000 0.060607 0.957137 -0.283223 16.254000 0.048856 0.280560 0.958592 -0.165600 0.000000 0.000000 0.000000 1.000000
0.997124 -0.070366 -0.028149 -0.000000 0.059283 0.955578 -0.288716 16.254000 0.047214 0.286217 0.957001 -0.165600 0.000000 0.000000 0.000000 1.000000
0.997568 -0.064891 -0.025433 0.000000 0.054751 0.955410 -0.290161 16.254000 0.043128 0.288063 0.956640 -0.165600 0.000000 0.000000 0.000000 1.000000
0.997926 -0.060256 -0.022658 0.000000 0.051095 0.955480 -0.290599 16.254000 0.039160 0.288838 0.956577 -0.165600 0.000000 0.000000 0.000000 1.000000
0.998246 -0.055689 -0.020107 0.000000 0.047512 0.956090 -0.289197 16.254000 0.035329 0.287734 0.957058 -0.165600 0.000000 0.000000 0.000000 1.000000
0.998467 -0.052374 -0.017902 0.000000 0.045054 0.956940 -0.286769 16.254000 0.032151 0.285522 0.957833 -0.165600 0.000000 0.000000 0.000000 1.000000
0.998601 -0.049485 -0.018616 0.000000 0.042195 0.958086 -0.283357 16.254000 0.031857 0.282175 0.958834 -0.165600 0.000000 0.000000 0.000000 1.000000
0.998799 -0.044372 -0.020777 -0.000000 0.036882 0.960061 -0.277350 16.254000 0.032253 0.276250 0.960544 -0.165600 0.000000 0.000000 0.000000 1.000000</float_array><technique_common><accessor source="#Spine1-Matrix-animation-output-transform-array" count="31" stride="16"><param type="float4x4"/></accessor></technique_common></source><source id="Spine1-Interpolations"><Name_array id="Spine1-Interpolations-array" count="31">
 LINEAR LINEAR LINEAR LINEAR LINEAR LINEAR LINEAR LINEAR LINEAR LINEAR LINEAR
LINEAR LINEAR LINEAR LINEAR LINEAR LINEAR LINEAR LINEAR LINEAR LINEAR LINEAR LINEAR
LINEAR LINEAR LINEAR LINEAR LINEAR LINEAR LINEAR LINEAR</Name_array><technique_common><accessor source="#Spine1-Interpolations-array" count="31"><param type="name"/></accessor></technique_common></source><sampler id="Spine1-Matrix-animation-transform"><input semantic="INPUT" source="#Spine1-Matrix-animation-input"/><input semantic="OUTPUT" source="#Spine1-Matrix-animation-output-transform"/><input semantic="INTERPOLATION" source="#Spine1-Interpolations"/></sampler><channel source="#Spine1-Matrix-animation-transform" target="Spine1/matrix"/></animation>
    <animation id="Spine2-anim" name="Spine2"><source id="Spine2-Matrix-animation-input"><float_array id="Spine2-Matrix-animation-input-array" count="31">

0.000000 0.033333 0.066667 0.100000 0.133333 0.166667 0.200000 0.233333 0.266667 0.300000 0.333333 0.366667 0.400000 0.433333 0.466667 0.500000
0.533333 0.566667 0.600000 0.633333 0.666667 0.700000 0.733333 0.766667 0.800000 0.833333 0.866667 0.900000 0.933333 0.966667 1.000000</float_array><technique_common><accessor source="#Spine2-Matrix-animation-input-array" count="31"><param name="TIME" type="float"/></accessor></technique_common></source><source id="Spine2-Matrix-animation-output-transform"><float_array id="Spine2-Matrix-animation-output-transform-array" count="496">

0.997826 -0.062141 -0.021928 -0.000000 0.053327 0.956961 -0.285276 13.639600 0.038712 0.283487 0.958194 -1.292300 0.000000 0.000000 0.000000 1.000000
0.998269 -0.056307 -0.016978 -0.000000 0.049383 0.959325 -0.277951 13.639600 0.031937 0.276631 0.960445 -1.292300 0.000000 0.000000 0.000000 1.000000
0.998703 -0.049274 -0.012829 0.000000 0.043929 0.961244 -0.272176 13.639600 0.025743 0.271259 0.962162 -1.292300 0.000000 0.000000 0.000000 1.000000
0.999142 -0.040573 -0.008256 0.000000 0.036887 0.962826 -0.267592 13.639600 0.018806 0.267058 0.963497 -1.292300 0.000000 0.000000 0.000000 1.000000
0.999486 -0.031928 -0.003030 -0.000000 0.029984 0.963773 -0.265034 13.639600 0.011382 0.264807 0.964234 -1.292300 0.000000 0.000000 0.000000 1.000000
0.999705 -0.024104 0.002825 0.000000 0.023998 0.964413 -0.263308 13.639600 0.003622 0.263298 0.964708 -1.292300 0.000000 0.000000 0.000000 1.000000
0.999800 -0.017791 0.009164 0.000000 0.019586 0.963902 -0.265535 13.639600 -0.004109 0.265661 0.964058 -1.292300 0.000000 0.000000 0.000000 1.000000
0.999745 -0.015672 0.016242 0.000000 0.019470 0.962834 -0.269392 13.639600 -0.011417 0.269639 0.962894 -1.292300 0.000000 0.000000 0.000000 1.000000
0.999649 -0.015995 0.021099 0.000000 0.021210 0.960761 -0.276566 13.639600 -0.015847 0.276916 0.960763 -1.292300 0.000000 0.000000 0.000000 1.000000
0.999594 -0.017480 0.022504 0.000000 0.023122 0.959116 -0.282066 13.639600 -0.016654 0.282472 0.959131 -1.292300 0.000000 0.000000 0.000000 1.000000
0.999559 -0.020628 0.021342 0.000000 0.025855 0.958260 -0.284728 13.639600 -0.014578 0.285154 0.958371 -1.292300 0.000000 0.000000 0.000000 1.000000
0.999443 -0.027136 0.019429 0.000000 0.031562 0.957723 -0.285955 13.639600 -0.010848 0.286409 0.958046 -1.292300 0.000000 0.000000 0.000000 1.000000
0.999260 -0.034480 0.017041 0.000000 0.037914 0.957556 -0.285742 13.639600 -0.006465 0.286177 0.958155 -1.292300 0.000000 0.000000 0.000000 1.000000
0.998975 -0.042886 0.014504 0.000000 0.045239 0.957900 -0.283514 13.639600 -0.001735 0.283880 0.958858 -1.292300 0.000000 0.000000 0.000000 1.000000
0.998655 -0.050887 0.009944 0.000000 0.051626 0.958123 -0.281663 13.639600 0.004806 0.281798 0.959462 -1.292300 0.000000 0.000000 0.000000 1.000000
0.998252 -0.058967 0.003946 -0.000000 0.057704 0.958104 -0.280549 13.639600 0.012763 0.280286 0.959832 -1.292300 0.000000 0.000000 0.000000 1.000000
0.997763 -0.066777 -0.003263 -0.000000 0.063246 0.958577 -0.277723 13.639600 0.021674 0.276896 0.960656 -1.292300 0.000000 0.000000 0.000000 1.000000
0.997200 -0.073999 -0.010743 -0.000000 0.068198 0.958978 -0.275154 13.639600 0.030663 0.273651 0.961340 -1.292300 0.000000 0.000000 0.000000 1.000000
0.996691 -0.079460 -0.017139 0.000000 0.071838 0.959694 -0.271712 13.639600 0.038038 0.269582 0.962226 -1.292300 0.000000 0.000000 0.000000 1.000000
0.996112 -0.085407 -0.021607 0.000000 0.076396 0.959561 -0.270937 13.639600 0.043873 0.268232 0.962355 -1.292300 0.000000 0.000000 0.000000 1.000000
0.995714 -0.088888 -0.025533 -0.000000 0.078631 0.959014 -0.272231 13.639600 0.048684 0.269057 0.961893 -1.292300 0.000000 0.000000 0.000000 1.000000
0.995523 -0.090189 -0.028272 -0.000000 0.078956 0.957981 -0.275750 13.639600 0.051954 0.272284 0.960813 -1.292300 0.000000 0.000000 0.000000 1.000000
0.995462 -0.090207 -0.030306 0.000000 0.078147 0.956640 -0.280594 13.639600 0.054303 0.276952 0.959348 -1.292300 0.000000 0.000000 0.000000 1.000000
0.995484 -0.089591 -0.031385 0.000000 0.076814 0.954479 -0.288217 13.639600 0.055778 0.284505 0.957051 -1.292300 0.000000 0.000000 0.000000 1.000000
0.995623 -0.087930 -0.031672 0.000000 0.074785 0.952788 -0.294283 13.639600 0.056053 0.290626 0.955193 -1.292300 0.000000 0.000000 0.000000 1.000000
0.996123 -0.082339 -0.030962 0.000000 0.069526 0.952547 -0.296346 13.639600 0.053894 0.293045 0.954579 -1.292300 0.000000 0.000000 0.000000 1.000000
0.996545 -0.077567 -0.029691 0.000000 0.065280 0.952523 -0.297385 13.639600 0.051349 0.294419 0.954296 -1.292300 0.000000 0.000000 0.000000 1.000000
0.996944 -0.072868 -0.028159 0.000000 0.061274 0.952996 -0.296721 13.639600 0.048457 0.294089 0.954549 -1.292300 0.000000 0.000000 0.000000 1.000000
0.997228 -0.069586 -0.026330 0.000000 0.058751 0.953635 -0.295177 13.639600 0.045649 0.292812 0.955080 -1.292300 0.000000 0.000000 0.000000 1.000000
0.997440 -0.067001 -0.024998 0.000000 0.056814 0.954732 -0.291990 13.639600 0.043430 0.289822 0.956095 -1.292300 0.000000 0.000000 0.000000 1.000000
0.997826 -0.062143 -0.021954 0.000000 0.053325 0.956983 -0.285200 13.639600 0.038733 0.283410 0.958216 -1.292300 0.000000 0.000000 0.000000 1.000000</float_array><technique_common><accessor source="#Spine2-Matrix-animation-output-transform-array" count="31" stride="16"><param type="float4x4"/></accessor></technique_common></source><source id="Spine2-Interpolations"><Name_array id="Spine2-Interpolations-array" count="31">
 LINEAR LINEAR LINEAR LINEAR LINEAR LINEAR LINEAR LINEAR LINEAR LINEAR LINEAR
LINEAR LINEAR LINEAR LINEAR LINEAR LINEAR LINEAR LINEAR LINEAR LINEAR LINEAR LINEAR
LINEAR LINEAR LINEAR LINEAR LINEAR LINEAR LINEAR LINEAR</Name_array><technique_common><accessor source="#Spine2-Interpolations-array" count="31"><param type="name"/></accessor></technique_common></source><sampler id="Spine2-Matrix-animation-transform"><input semantic="INPUT" source="#Spine2-Matrix-animation-input"/><input semantic="OUTPUT" source="#Spine2-Matrix-animation-output-transform"/><input semantic="INTERPOLATION" source="#Spine2-Interpolations"/></sampler><channel source="#Spine2-Matrix-animation-transform" target="Spine2/matrix"/></animation>
    <animation id="Neck-anim" name="Neck"><source id="Neck-Matrix-animation-input"><float_array id="Neck-Matrix-animation-input-array" count="31">

0.000000 0.033333 0.066667 0.100000 0.133333 0.166667 0.200000 0.233333 0.266667 0.300000 0.333333 0.366667 0.400000 0.433333 0.466667 0.500000
0.533333 0.566667 0.600000 0.633333 0.666667 0.700000 0.733333 0.766667 0.800000 0.833333 0.866667 0.900000 0.933333 0.966667 1.000000</float_array><technique_common><accessor source="#Neck-Matrix-animation-input-array" count="31"><param name="TIME" type="float"/></accessor></technique_common></source><source id="Neck-Matrix-animation-output-transform"><float_array id="Neck-Matrix-animation-output-transform-array" count="496">

0.993221 -0.086120 0.078076 0.000000 0.073092 0.984952 0.156615 13.877400 -0.090389 -0.149846 0.984569 -4.354200 0.000000 0.000000 0.000000 1.000000
0.993155 -0.086292 0.078715 -0.000000 0.073156 0.984930 0.156718 13.877400 -0.091052 -0.149886 0.984502 -4.354200 0.000000 0.000000 0.000000 1.000000
0.993006 -0.087094 0.079710 0.000000 0.073704 0.984723 0.157759 13.877400 -0.092232 -0.150780 0.984255 -4.354200 0.000000 0.000000 0.000000 1.000000
0.992959 -0.087288 0.080088 0.000000 0.073792 0.984637 0.158256 13.877400 -0.092672 -0.151232 0.984145 -4.354200 0.000000 0.000000 0.000000 1.000000
0.992976 -0.087253 0.079909 0.000000 0.073765 0.984605 0.158468 13.877400 -0.092506 -0.151461 0.984125 -4.354200 0.000000 0.000000 0.000000 1.000000
0.993046 -0.086971 0.079348 0.000000 0.073605 0.984675 0.158105 13.877400 -0.091882 -0.151165 0.984229 -4.354200 0.000000 0.000000 0.000000 1.000000
0.993141 -0.086586 0.078579 0.000000 0.073445 0.984869 0.156969 13.877400 -0.090981 -0.150121 0.984472 -4.354200 0.000000 0.000000 0.000000 1.000000
0.993222 -0.086302 0.077859 0.000000 0.073364 0.985034 0.155970 13.877400 -0.090155 -0.149201 0.984688 -4.354200 0.000000 0.000000 0.000000 1.000000
0.993231 -0.086301 0.077740 -0.000000 0.073421 0.985099 0.155530 13.877400 -0.090004 -0.148770 0.984767 -4.354200 0.000000 0.000000 0.000000 1.000000
0.993188 -0.086525 0.078048 0.000000 0.073634 0.985147 0.155121 13.877400 -0.090310 -0.148317 0.984808 -4.354200 0.000000 0.000000 0.000000 1.000000
0.993136 -0.086804 0.078393 0.000000 0.073944 0.985267 0.154212 13.877400 -0.090624 -0.147356 0.984923 -4.354200 0.000000 0.000000 0.000000 1.000000
0.993140 -0.086614 0.078555 0.000000 0.073797 0.985391 0.153491 13.877400 -0.090702 -0.146641 0.985023 -4.354200 0.000000 0.000000 0.000000 1.000000
0.993175 -0.086283 0.078479 -0.000000 0.073523 0.985483 0.153025 13.877400 -0.090543 -0.146211 0.985101 -4.354200 0.000000 0.000000 0.000000 1.000000
0.993221 -0.085931 0.078281 0.000000 0.073205 0.985511 0.153000 13.877400 -0.090294 -0.146232 0.985121 -4.354200 0.000000 0.000000 0.000000 1.000000
0.993267 -0.085618 0.078040 0.000000 0.072904 0.985488 0.153294 13.877400 -0.090032 -0.146573 0.985094 -4.354200 0.000000 0.000000 0.000000 1.000000
0.993283 -0.085497 0.077972 0.000000 0.072715 0.985368 0.154154 13.877400 -0.090011 -0.147449 0.984965 -4.354200 0.000000 0.000000 0.000000 1.000000
0.993266 -0.085542 0.078135 0.000000 0.072637 0.985205 0.155224 13.877400 -0.090257 -0.148503 0.984784 -4.354200 0.000000 0.000000 0.000000 1.000000
0.993257 -0.085641 0.078139 0.000000 0.072666 0.985085 0.155970 13.877400 -0.090331 -0.149241 0.984666 -4.354200 0.000000 0.000000 0.000000 1.000000
0.993257 -0.085758 0.078015 0.000000 0.072777 0.985035 0.156236 13.877400 -0.090246 -0.149505 0.984634 -4.354200 0.000000 0.000000 0.000000 1.000000
0.993282 -0.085601 0.077872 -0.000000 0.072614 0.984998 0.156545 13.877400 -0.090104 -0.149839 0.984596 -4.354200 0.000000 0.000000 0.000000 1.000000
0.993273 -0.085713 0.077854 -0.000000 0.072714 0.984966 0.156697 13.877400 -0.090115 -0.149982 0.984573 -4.354200 0.000000 0.000000 0.000000 1.000000
0.993228 -0.086055 0.078053 0.000000 0.073029 0.984952 0.156640 13.877400 -0.090358 -0.149879 0.984567 -4.354200 0.000000 0.000000 0.000000 1.000000
0.993222 -0.086106 0.078078 -0.000000 0.073077 0.984952 0.156617 13.877400 -0.090388 -0.149850 0.984568 -4.354200 0.000000 0.000000 0.000000 1.000000
0.993219 -0.086119 0.078093 0.000000 0.073087 0.984950 0.156628 13.877400 -0.090407 -0.149858 0.984566 -4.354200 0.000000 0.000000 0.000000 1.000000
0.993266 -0.086002 0.077624 0.000000 0.073079 0.985015 0.156224 13.877400 -0.089897 -0.149499 0.984667 -4.354200 0.000000 0.000000 0.000000 1.000000
0.993332 -0.086200 0.076555 0.000000 0.073485 0.985070 0.155681 13.877400 -0.088832 -0.149017 0.984836 -4.354200 0.000000 0.000000 0.000000 1.000000
0.993440 -0.085954 0.075429 0.000000 0.073415 0.985084 0.155626 13.877400 -0.087680 -0.149067 0.984932 -4.354200 0.000000 0.000000 0.000000 1.000000
0.993513 -0.085796 0.074635 0.000000 0.073359 0.985056 0.155831 13.877400 -0.086889 -0.149345 0.984960 -4.354200 0.000000 0.000000 0.000000 1.000000
0.993525 -0.085740 0.074548 0.000000 0.073277 0.984989 0.156290 13.877400 -0.086829 -0.149816 0.984894 -4.354200 0.000000 0.000000 0.000000 1.000000
0.993414 -0.085726 0.076029 0.000000 0.073004 0.984946 0.156689 13.877400 -0.088317 -0.150107 0.984717 -4.354200 0.000000 0.000000 0.000000 1.000000
0.993221 -0.086112 0.078078 -0.000000 0.073083 0.984952 0.156615 13.877400 -0.090389 -0.149848 0.984569 -4.354200 0.000000 0.000000 0.000000 1.000000</float_array><technique_common><accessor source="#Neck-Matrix-animation-output-transform-array" count="31" stride="16"><param type="float4x4"/></accessor></technique_common></source><source id="Neck-Interpolations"><Name_array id="Neck-Interpolations-array" count="31">
 LINEAR LINEAR LINEAR LINEAR LINEAR LINEAR LINEAR LINEAR LINEAR LINEAR LINEAR
LINEAR LINEAR LINEAR LINEAR LINEAR LINEAR LINEAR LINEAR LINEAR LINEAR LINEAR LINEAR
LINEAR LINEAR LINEAR LINEAR LINEAR LINEAR LINEAR LINEAR</Name_array><technique_common><accessor source="#Neck-Interpolations-array" count="31"><param type="name"/></accessor></technique_common></source><sampler id="Neck-Matrix-animation-transform"><input semantic="INPUT" source="#Neck-Matrix-animation-input"/><input semantic="OUTPUT" source="#Neck-Matrix-animation-output-transform"/><input semantic="INTERPOLATION" source="#Neck-Interpolations"/></sampler><channel source="#Neck-Matrix-animation-transform" target="Neck/matrix"/></animation>
    <animation id="Neck1-anim" name="Neck1"><source id="Neck1-Matrix-animation-input"><float_array id="Neck1-Matrix-animation-input-array" count="31">

0.000000 0.033333 0.066667 0.100000 0.133333 0.166667 0.200000 0.233333 0.266667 0.300000 0.333333 0.366667 0.400000 0.433333 0.466667 0.500000
0.533333 0.566667 0.600000 0.633333 0.666667 0.700000 0.733333 0.766667 0.800000 0.833333 0.866667 0.900000 0.933333 0.966667 1.000000</float_array><technique_common><accessor source="#Neck1-Matrix-animation-input-array" count="31"><param name="TIME" type="float"/></accessor></technique_common></source><source id="Neck1-Matrix-animation-output-transform"><float_array id="Neck1-Matrix-animation-output-transform-array" count="496">

1.000000 -0.000000 0.000000 0.000000 0.000000 1.000000 -0.000000 4.340000 0.000000 0.000000 1.000000 0.926900 0.000000 0.000000 0.000000 1.000000
1.000000 0.000000 -0.000000 0.000000 -0.000000 1.000000 0.000000 4.340000 -0.000000 0.000000 1.000000 0.926900 0.000000 0.000000 0.000000 1.000000
1.000000 0.000000 -0.000000 -0.000000 0.000000 1.000000 -0.000000 4.340000 0.000000 -0.000000 1.000000 0.926900 0.000000 0.000000 0.000000 1.000000
1.000000 -0.000000 -0.000000 -0.000000 0.000000 1.000000 0.000000 4.340000 0.000000 0.000000 1.000000 0.926900 0.000000 0.000000 0.000000 1.000000
1.000000 0.000000 -0.000000 0.000000 -0.000000 1.000000 0.000000 4.340000 0.000000 0.000000 1.000000 0.926900 0.000000 0.000000 0.000000 1.000000
1.000000 0.000000 0.000000 0.000000 0.000000 1.000000 0.000000 4.340000 0.000000 0.000000 1.000000 0.926900 0.000000 0.000000 0.000000 1.000000
1.000000 0.000000 0.000000 0.000000 0.000000 1.000000 0.000000 4.340000 0.000000 -0.000000 1.000000 0.926900 0.000000 0.000000 0.000000 1.000000
1.000000 -0.000000 0.000000 0.000000 0.000000 1.000000 -0.000000 4.340000 0.000000 0.000000 1.000000 0.926900 0.000000 0.000000 0.000000 1.000000
1.000000 -0.000000 -0.000000 0.000000 -0.000000 1.000000 0.000000 4.340000 -0.000000 -0.000000 1.000000 0.926900 0.000000 0.000000 0.000000 1.000000
1.000000 0.000000 0.000000 0.000000 0.000000 1.000000 0.000000 4.340000 0.000000 0.000000 1.000000 0.926900 0.000000 0.000000 0.000000 1.000000
1.000000 0.000000 0.000000 0.000000 0.000000 1.000000 -0.000000 4.340000 -0.000000 0.000000 1.000000 0.926900 0.000000 0.000000 0.000000 1.000000
1.000000 0.000000 0.000000 0.000000 0.000000 1.000000 0.000000 4.340000 -0.000000 0.000000 1.000000 0.926900 0.000000 0.000000 0.000000 1.000000
1.000000 0.000000 -0.000000 -0.000000 0.000000 1.000000 -0.000000 4.340000 0.000000 0.000000 1.000000 0.926900 0.000000 0.000000 0.000000 1.000000
1.000000 -0.000000 0.000000 0.000000 0.000000 1.000000 0.000000 4.340000 0.000000 0.000000 1.000000 0.926900 0.000000 0.000000 0.000000 1.000000
1.000000 0.000000 0.000000 0.000000 -0.000000 1.000000 -0.000000 4.340000 0.000000 -0.000000 1.000000 0.926900 0.000000 0.000000 0.000000 1.000000
1.000000 0.000000 -0.000000 0.000000 0.000000 1.000000 0.000000 4.340000 -0.000000 -0.000000 1.000000 0.926900 0.000000 0.000000 0.000000 1.000000
1.000000 0.000000 0.000000 0.000000 -0.000000 1.000000 0.000000 4.340000 -0.000000 -0.000000 1.000000 0.926900 0.000000 0.000000 0.000000 1.000000
1.000000 -0.000000 0.000000 0.000000 0.000000 1.000000 0.000000 4.340000 0.000000 0.000000 1.000000 0.926900 0.000000 0.000000 0.000000 1.000000
1.000000 0.000000 0.000000 0.000000 0.000000 1.000000 -0.000000 4.340000 0.000000 -0.000000 1.000000 0.926900 0.000000 0.000000 0.000000 1.000000
1.000000 0.000000 -0.000000 0.000000 0.000000 1.000000 0.000000 4.340000 0.000000 0.000000 1.000000 0.926900 0.000000 0.000000 0.000000 1.000000
1.000000 0.000000 0.000000 0.000000 0.000000 1.000000 0.000000 4.340000 -0.000000 0.000000 1.000000 0.926900 0.000000 0.000000 0.000000 1.000000
1.000000 0.000000 0.000000 -0.000000 -0.000000 1.000000 -0.000000 4.340000 -0.000000 -0.000000 1.000000 0.926900 0.000000 0.000000 0.000000 1.000000
1.000000 0.000000 0.000000 0.000000 0.000000 1.000000 0.000000 4.340000 0.000000 0.000000 1.000000 0.926900 0.000000 0.000000 0.000000 1.000000
1.000000 0.000000 0.000000 0.000000 -0.000000 1.000000 -0.000000 4.340000 0.000000 0.000000 1.000000 0.926900 0.000000 0.000000 0.000000 1.000000
1.000000 -0.000000 0.000000 0.000000 -0.000000 1.000000 -0.000000 4.340000 -0.000000 -0.000000 1.000000 0.926900 0.000000 0.000000 0.000000 1.000000
1.000000 0.000000 0.000000 0.000000 0.000000 1.000000 0.000000 4.340000 0.000000 -0.000000 1.000000 0.926900 0.000000 0.000000 0.000000 1.000000
1.000000 0.000000 0.000000 0.000000 0.000000 1.000000 0.000000 4.340000 -0.000000 -0.000000 1.000000 0.926900 0.000000 0.000000 0.000000 1.000000
1.000000 0.000000 0.000000 0.000000 0.000000 1.000000 0.000000 4.340000 -0.000000 0.000000 1.000000 0.926900 0.000000 0.000000 0.000000 1.000000
1.000000 -0.000000 0.000000 -0.000000 -0.000000 1.000000 -0.000000 4.340000 0.000000 -0.000000 1.000000 0.926900 0.000000 0.000000 0.000000 1.000000
1.000000 0.000000 0.000000 0.000000 0.000000 1.000000 -0.000000 4.340000 0.000000 0.000000 1.000000 0.926900 0.000000 0.000000 0.000000 1.000000
1.000000 -0.000000 0.000000 0.000000 0.000000 1.000000 -0.000000 4.340000 -0.000000 0.000000 1.000000 0.926900 0.000000 0.000000 0.000000 1.000000</float_array><technique_common><accessor source="#Neck1-Matrix-animation-output-transform-array" count="31" stride="16"><param type="float4x4"/></accessor></technique_common></source><source id="Neck1-Interpolations"><Name_array id="Neck1-Interpolations-array" count="31">
 LINEAR LINEAR LINEAR LINEAR LINEAR LINEAR LINEAR LINEAR LINEAR LINEAR LINEAR
LINEAR LINEAR LINEAR LINEAR LINEAR LINEAR LINEAR LINEAR LINEAR LINEAR LINEAR LINEAR
LINEAR LINEAR LINEAR LINEAR LINEAR LINEAR LINEAR LINEAR</Name_array><technique_common><accessor source="#Neck1-Interpolations-array" count="31"><param type="name"/></accessor></technique_common></source><sampler id="Neck1-Matrix-animation-transform"><input semantic="INPUT" source="#Neck1-Matrix-animation-input"/><input semantic="OUTPUT" source="#Neck1-Matrix-animation-output-transform"/><input semantic="INTERPOLATION" source="#Neck1-Interpolations"/></sampler><channel source="#Neck1-Matrix-animation-transform" target="Neck1/matrix"/></animation>
    <animation id="Head-anim" name="Head"><source id="Head-Matrix-animation-input"><float_array id="Head-Matrix-animation-input-array" count="31">

0.000000 0.033333 0.066667 0.100000 0.133333 0.166667 0.200000 0.233333 0.266667 0.300000 0.333333 0.366667 0.400000 0.433333 0.466667 0.500000
0.533333 0.566667 0.600000 0.633333 0.666667 0.700000 0.733333 0.766667 0.800000 0.833333 0.866667 0.900000 0.933333 0.966667 1.000000</float_array><technique_common><accessor source="#Head-Matrix-animation-input-array" count="31"><param name="TIME" type="float"/></accessor></technique_common></source><source id="Head-Matrix-animation-output-transform"><float_array id="Head-Matrix-animation-output-transform-array" count="496">

0.918252 0.013783 0.395756 0.000000 -0.170270 0.916034 0.363166 4.026600 -0.357520 -0.400863 0.843498 0.858500 0.000000 0.000000 0.000000 1.000000
0.919213 0.014743 0.393486 0.000000 -0.167254 0.919290 0.356275 4.026600 -0.356475 -0.393305 0.847489 0.858500 0.000000 0.000000 0.000000 1.000000
0.919790 0.013659 0.392174 -0.000000 -0.163415 0.921946 0.351157 4.026600 -0.356767 -0.387078 0.850228 0.858500 0.000000 0.000000 0.000000 1.000000
0.920407 0.011970 0.390779 -0.000000 -0.158815 0.924796 0.345730 4.026600 -0.357252 -0.380274 0.853090 0.858500 0.000000 0.000000 0.000000 1.000000
0.920703 0.008873 0.390164 0.000000 -0.154342 0.926515 0.343144 4.026600 -0.358448 -0.376152 0.854415 0.858500 0.000000 0.000000 0.000000 1.000000
0.920814 0.005978 0.389957 0.000000 -0.150698 0.927676 0.341624 4.026600 -0.359711 -0.373338 0.855118 0.858500 0.000000 0.000000 0.000000 1.000000
