<?xml version="1.0" encoding="utf-8"?>
<COLLADA xmlns="http://www.collada.org/2005/11/COLLADASchema" version="1.4.1">
  <asset><contributor><author>Mixamo</author><authoring_tool>COLLADA Mixamo exporter</authoring_tool><comments></comments></contributor><created>2018-10-06T11:21:51Z</created><modified>2018-10-06T11:21:51Z</modified><revision></revision><title></title><unit meter="0.010000"/><up_axis>Y_UP</up_axis></asset>
  <library_animations>
    <animation id="Hips-anim" name="Hips"><source id="Hips-Matrix-animation-input"><float_array id="Hips-Matrix-animation-input-array" count="31">

0.000000 0.033333 0.066667 0.100000 0.133333 0.166667 0.200000 0.233333 0.266667 0.300000 0.333333 0.366667 0.400000 0.433333 0.466667 0.500000
0.533333 0.566667 0.600000 0.633333 0.666667 0.700000 0.733333 0.766667 0.800000 0.833333 0.866667 0.900000 0.933333 0.966667 1.000000</float_array><technique_common><accessor source="#Hips-Matrix-animation-input-array" count="31"><param name="TIME" type="float"/></accessor></technique_common></source><source id="Hips-Matrix-animation-output-transform"><float_array id="Hips-Matrix-animation-output-transform-array" count="496">

0.271259 -0.017858 -0.962341 -0.579298 0.167907 0.985375 0.029043 67.575081 0.947748 -0.169462 0.270291 0.224594 0.000000 0.000000 0.000000 1.000000
0.285508 -0.026655 -0.958006 5.962141 0.156644 0.987468 0.019209 67.238914 0.945488 -0.155551 0.286106 0.363669 0.000000 0.000000 0.000000 1.000000
0.300498 -0.039028 -0.952984 12.532043 0.145207 0.989387 0.005268 66.989563 0.942664 -0.139963 0.302976 0.536763 0.000000 0.000000 0.000000 1.000000
0.315720 -0.052738 -0.947385 19.115553 0.133704 0.990965 -0.010607 67.014313 0.939385 -0.123321 0.319919 0.794890 0.000000 0.000000 0.000000 1.000000
0.330982 -0.065736 -0.941345 25.730850 0.122334 0.992141 -0.026270 67.413612 0.935674 -0.106464 0.336423 1.109056 0.000000 0.000000 0.000000 1.000000
0.345450 -0.075759 -0.935374 32.375969 0.110850 0.993052 -0.039492 68.185623 0.931867 -0.090044 0.351448 1.449272 0.000000 0.000000 0.000000 1.000000
0.358279 -0.080712 -0.930119 39.024494 0.099002 0.993923 -0.048113 69.121925 0.928350 -0.074846 0.364093 1.819851 0.000000 0.000000 0.000000 1.000000
0.370028 -0.080394 -0.925536 45.551750 0.088237 0.994786 -0.051132 69.954010 0.924821 -0.062746 0.375192 2.222382 0.000000 0.000000 0.000000 1.000000
0.377587 -0.076708 -0.922791 51.917835 0.079788 0.995552 -0.050108 70.426147 0.922530 -0.054708 0.382028 2.668333 0.000000 0.000000 0.000000 1.000000
0.372221 -0.069971 -0.925503 58.307629 0.072993 0.996273 -0.045964 70.553520 0.925269 -0.050447 0.375941 3.079440 0.000000 0.000000 0.000000 1.000000
0.354225 -0.061298 -0.933149 64.767029 0.068887 0.996849 -0.039333 70.542168 0.932620 -0.050349 0.357331 3.436484 0.000000 0.000000 0.000000 1.000000
0.334972 -0.053208 -0.940725 71.216644 0.068805 0.997120 -0.031898 70.472809 0.939713 -0.054042 0.337668 3.728877 0.000000 0.000000 0.000000 1.000000
0.314362 -0.046742 -0.948152 77.690880 0.071961 0.997087 -0.025296 70.363556 0.946572 -0.060277 0.316809 3.940524 0.000000 0.000000 0.000000 1.000000
0.292034 -0.043050 -0.955439 84.218002 0.077436 0.996771 -0.021244 70.162712 0.953268 -0.067781 0.294425 4.048359 0.000000 0.000000 0.000000 1.000000
0.268390 -0.043056 -0.962348 90.776817 0.085109 0.996154 -0.020832 69.866402 0.959543 -0.076314 0.271022 4.038952 0.000000 0.000000 0.000000 1.000000
0.243888 -0.047124 -0.968658 97.316490 0.094408 0.995228 -0.024646 69.456177 0.965197 -0.085438 0.247173 3.913808 0.000000 0.000000 0.000000 1.000000
0.218752 -0.054392 -0.974263 103.879387 0.105242 0.993936 -0.031860 69.004166 0.970089 -0.095564 0.223150 3.693945 0.000000 0.000000 0.000000 1.000000
0.193501 -0.063152 -0.979065 110.455940 0.116402 0.992355 -0.041004 68.575684 0.974170 -0.106031 0.199373 3.414155 0.000000 0.000000 0.000000 1.000000
0.168856 -0.071973 -0.983009 117.039688 0.127419 0.990555 -0.050638 68.263443 0.977370 -0.116704 0.176432 3.107093 0.000000 0.000000 0.000000 1.000000
0.145917 -0.079501 -0.986097 123.614929 0.138036 0.988652 -0.059281 68.333954 0.979619 -0.127467 0.155235 2.769488 0.000000 0.000000 0.000000 1.000000
0.126063 -0.084278 -0.988436 130.170471 0.148293 0.986790 -0.065225 68.937347 0.980876 -0.138355 0.136895 2.390617 0.000000 0.000000 0.000000 1.000000
0.116181 -0.085355 -0.989554 136.700470 0.158450 0.985134 -0.066371 69.680740 0.980508 -0.149084 0.127978 1.970684 0.000000 0.000000 0.000000 1.000000
0.127629 -0.082244 -0.988406 143.247147 0.169298 0.983737 -0.059995 70.216568 0.977266 -0.159678 0.139477 1.538229 0.000000 0.000000 0.000000 1.000000
0.145075 -0.074450 -0.986616 149.754913 0.178931 0.982698 -0.047844 70.298676 0.973107 -0.169595 0.155886 1.160931 0.000000 0.000000 0.000000 1.000000
0.163851 -0.063357 -0.984448 156.277740 0.186674 0.981897 -0.032123 70.244423 0.968662 -0.178507 0.172712 0.814346 0.000000 0.000000 0.000000 1.000000
0.183288 -0.050513 -0.981761 162.759598 0.191509 0.981380 -0.014740 69.937813 0.964225 -0.185314 0.189549 0.516552 0.000000 0.000000 0.000000 1.000000
0.202805 -0.037569 -0.978498 169.189682 0.192768 0.981242 0.002279 69.461357 0.960058 -0.189086 0.206243 0.336543 0.000000 0.000000 0.000000 1.000000
0.221868 -0.026128 -0.974727 175.592773 0.190578 0.981524 0.017070 68.961143 0.956271 -0.189548 0.222748 0.214076 0.000000 0.000000 0.000000 1.000000
0.240046 -0.017879 -0.970597 182.009308 0.185348 0.982281 0.027745 68.451057 0.952903 -0.186558 0.239107 0.149433 0.000000 0.000000 0.000000 1.000000
0.257549 -0.014716 -0.966153 188.477493 0.178472 0.983405 0.032597 67.942810 0.949640 -0.180827 0.255901 0.149583 0.000000 0.000000 0.000000 1.000000
0.271259 -0.017859 -0.962341 195.001724 0.167907 0.985375 0.029043 67.575066 0.947748 -0.169462 0.270291 0.224598 0.000000 0.000000 0.000000 1.000000</float_array><technique_common><accessor source="#Hips-Matrix-animation-output-transform-array" count="31" stride="16"><param type="float4x4"/></accessor></technique_common></source><source id="Hips-Interpolations"><Name_array id="Hips-Interpolations-array" count="31">
 LINEAR LINEAR LINEAR LINEAR LINEAR LINEAR LINEAR LINEAR LINEAR LINEAR LINEAR
LINEAR LINEAR LINEAR LINEAR LINEAR LINEAR LINEAR LINEAR LINEAR LINEAR LINEAR LINEAR
LINEAR LINEAR LINEAR LINEAR LINEAR LINEAR LINEAR LINEAR</Name_array><technique_common><accessor source="#Hips-Interpolations-array" count="31"><param type="name"/></accessor></technique_common></source><sampler id="Hips-Matrix-animation-transform"><input semantic="INPUT" source="#Hips-Matrix-animation-input"/><input semantic="OUTPUT" source="#Hips-Matrix-animation-output-transform"/><input semantic="INTERPOLATION" source="#Hips-Interpolations"/></sampler><channel source="#Hips-Matrix-animation-transform" target="Hips/matrix"/></animation>
    <animation id="Spine-anim" name="Spine"><source id="Spine-Matrix-animation-input"><float_array id="Spine-Matrix-animation-input-array" count="31">

0.000000 0.033333 0.066667 0.100000 0.133333 0.166667 0.200000 0.233333 0.266667 0.300000 0.333333 0.366667 0.400000 0.433333 0.466667 0.500000
0.533333 0.566667 0.600000 0.633333 0.666667 0.700000 0.733333 0.766667 0.800000 0.833333 0.866667 0.900000 0.933333 0.966667 1.000000</float_array><technique_common><accessor source="#Spine-Matrix-animation-input-array" count="31"><param name="TIME" type="float"/></accessor></technique_common></source><source id="Spine-Matrix-animation-output-transform"><float_array id="Spine-Matrix-animation-output-transform-array" count="496">

0.990237 0.026597 0.136830 -0.000000 0.047353 0.859062 -0.509676 9.226300 -0.131101 0.511179 0.849416 1.577100 0.000000 0.000000 0.000000 1.000000
0.990993 0.004054 0.133850 0.000000 0.063555 0.865560 -0.496756 9.226300 -0.117869 0.500789 0.857506 1.577100 0.000000 0.000000 0.000000 1.000000
0.991291 -0.019942 0.130170 0.000000 0.080555 0.873788 -0.479588 9.226300 -0.104177 0.485897 0.867785 1.577100 0.000000 0.000000 0.000000 1.000000
0.990979 -0.044214 0.126513 0.000000 0.098211 0.881906 -0.461082 9.226300 -0.091187 0.469348 0.878292 1.577100 0.000000 0.000000 0.000000 1.000000
0.990177 -0.067049 0.122697 0.000000 0.115129 0.888930 -0.443338 9.226300 -0.079343 0.453109 0.887917 1.577100 0.000000 0.000000 0.000000 1.000000
0.988928 -0.087316 0.119988 0.000000 0.131006 0.893498 -0.429534 9.226300 -0.069704 0.440498 0.895044 1.577100 0.000000 0.000000 0.000000 1.000000
0.987439 -0.103625 0.119276 0.000000 0.144923 0.894736 -0.422427 9.226300 -0.062946 0.434406 0.898515 1.577100 0.000000 0.000000 0.000000 1.000000
0.986195 -0.114619 0.119511 -0.000000 0.154978 0.893091 -0.422338 9.226300 -0.058326 0.435029 0.898525 1.577100 0.000000 0.000000 0.000000 1.000000
0.985538 -0.119368 0.120276 -0.000000 0.159855 0.890414 -0.426156 9.226300 -0.056226 0.439220 0.896618 1.577100 0.000000 0.000000 0.000000 1.000000
0.985172 -0.119536 0.123078 -0.000000 0.161592 0.887541 -0.431462 9.226300 -0.057661 0.444952 0.893696 1.577100 0.000000 0.000000 0.000000 1.000000
0.985020 -0.115251 0.128268 0.000000 0.160494 0.884776 -0.437508 9.226300 -0.063066 0.451541 0.890019 1.577100 0.000000 0.000000 0.000000 1.000000
0.985517 -0.103053 0.134671 0.000000 0.153137 0.881961 -0.445751 9.226300 -0.072838 0.459919 0.884969 1.577100 0.000000 0.000000 0.000000 1.000000
0.986236 -0.084399 0.142184 -0.000000 0.140704 0.880034 -0.453589 9.226300 -0.086845 0.467351 0.879796 1.577100 0.000000 0.000000 0.000000 1.000000
0.986572 -0.062520 0.150887 0.000000 0.126136 0.878543 -0.460708 9.226300 -0.103757 0.473554 0.874632 1.577100 0.000000 0.000000 0.000000 1.000000
0.986300 -0.038903 0.160308 0.000000 0.109910 0.879647 -0.462754 9.226300 -0.123012 0.474034 0.871872 1.577100 0.000000 0.000000 0.000000 1.000000
0.985319 -0.015089 0.170057 -0.000000 0.093101 0.882434 -0.461132 9.226300 -0.143106 0.470194 0.870883 1.577100 0.000000 0.000000 0.000000 1.000000
0.983660 0.009560 0.179784 0.000000 0.074920 0.886285 -0.457040 9.226300 -0.163709 0.463041 0.871087 1.577100 0.000000 0.000000 0.000000 1.000000
0.981350 0.032782 0.189413 0.000000 0.057431 0.890348 -0.451643 9.226300 -0.183449 0.454098 0.871861 1.577100 0.000000 0.000000 0.000000 1.000000
0.978675 0.053065 0.198444 -0.000000 0.041921 0.894130 -0.445841 9.226300 -0.201093 0.444653 0.872838 1.577100 0.000000 0.000000 0.000000 1.000000
0.976077 0.069110 0.206152 0.000000 0.029519 0.897241 -0.440554 9.226300 -0.215414 0.436100 0.873735 1.577100 0.000000 0.000000 0.000000 1.000000
0.974781 0.077892 0.209129 0.000000 0.021780 0.899430 -0.436522 9.226300 -0.222099 0.430068 0.875051 1.577100 0.000000 0.000000 0.000000 1.000000
0.975925 0.080246 0.202808 0.000000 0.016189 0.900642 -0.434260 9.226300 -0.217505 0.427088 0.877660 1.577100 0.000000 0.000000 0.000000 1.000000
0.977687 0.082925 0.193009 0.000000 0.010481 0.898389 -0.439075 9.226300 -0.209807 0.431301 0.877474 1.577100 0.000000 0.000000 0.000000 1.000000
0.979676 0.083065 0.182581 -0.000000 0.007893 0.893558 -0.448878 9.226300 -0.200433 0.441196 0.874741 1.577100 0.000000 0.000000 0.000000 1.000000
0.981871 0.080980 0.171379 -0.000000 0.007493 0.886854 -0.461989 9.226300 -0.189400 0.454898 0.870170 1.577100 0.000000 0.000000 0.000000 1.000000
0.984071 0.076000 0.160713 0.000000 0.009910 0.879159 -0.476426 9.226300 -0.177501 0.470430 0.864401 1.577100 0.000000 0.000000 0.000000 1.000000
0.986048 0.069121 0.151435 0.000000 0.014281 0.871237 -0.490655 9.226300 -0.165850 0.485972 0.858094 1.577100 0.000000 0.000000 0.000000 1.000000
0.987607 0.061478 0.144402 -0.000000 0.019771 0.864022 -0.503066 9.226300 -0.155694 0.499687 0.852099 1.577100 0.000000 0.000000 0.000000 1.000000
0.988675 0.053330 0.140277 0.000000 0.026357 0.858494 -0.512146 9.226300 -0.147739 0.510044 0.847366 1.577100 0.000000 0.000000 0.000000 1.000000
0.989233 0.045956 0.138948 0.000000 0.032683 0.856071 -0.515824 9.226300 -0.142655 0.514811 0.845352 1.577100 0.000000 0.000000 0.000000 1.000000
0.990239 0.026602 0.136818 0.000000 0.047347 0.859047 -0.509702 9.226300 -0.131092 0.511204 0.849403 1.577100 0.000000 0.000000 0.000000 1.000000</float_array><technique_common><accessor source="#Spine-Matrix-animation-output-transform-array" count="31" stride="16"><param type="float4x4"/></accessor></technique_common></source><source id="Spine-Interpolations"><Name_array id="Spine-Interpolations-array" count="31">
 LINEAR LINEAR LINEAR LINEAR LINEAR LINEAR LINEAR LINEAR LINEAR LINEAR LINEAR
LINEAR LINEAR LINEAR LINEAR LINEAR LINEAR LINEAR LINEAR LINEAR LINEAR LINEAR LINEAR
LINEAR LINEAR LINEAR LINEAR LINEAR LINEAR LINEAR LINEAR</Name_array><technique_common><accessor source="#Spine-Interpolations-array" count="31"><param type="name"/></accessor></technique_common></source><sampler id="Spine-Matrix-animation-transform"><input semantic="INPUT" source="#Spine-Matrix-animation-input"/><input semantic="OUTPUT" source="#Spine-Matrix-animation-output-transform"/><input semantic="INTERPOLATION" source="#Spine-Interpolations"/></sampler><channel source="#Spine-Matrix-animation-transform" target="Spine/matrix"/></animation>
    <animation id="Spine1-anim" name="Spine1"><source id="Spine1-Matrix-animation-input"><float_array id="Spine1-Matrix-animation-input-array" count="31">

0.000000 0.033333 0.066667 0.100000 0.133333 0.166667 0.200000 0.233333 0.266667 0.300000 0.333333 0.366667 0.400000 0.433333 0.466667 0.500000
0.533333 0.566667 0.600000 0.633333 0.666667 0.700000 0.733333 0.766667 0.800000 0.833333 0.866667 0.900000 0.933333 0.966667 1.000000</float_array><technique_common><accessor source="#Spine1-Matrix-animation-input-array" count="31"><param name="TIME" type="float"/></accessor></technique_common></source><source id="Spine1-Matrix-animation-output-transform"><float_array id="Spine1-Matrix-animation-output-transform-array" count="496">

0.985668 0.168645 0.004195 0.000000 -0.161142 0.948594 -0.272400 16.254000 -0.049918 0.267820 0.962175 -0.165600 0.000000 0.000000 0.000000 1.000000
0.985791 0.167950 0.002814 0.000000 -0.160859 0.948726 -0.272111 16.254000 -0.048371 0.267792 0.962262 -0.165600 0.000000 0.000000 0.000000 1.000000
0.985911 0.167262 0.001447 0.000000 -0.160579 0.948870 -0.271772 16.254000 -0.046830 0.267711 0.962360 -0.165600 0.000000 0.000000 0.000000 1.000000
0.986015 0.166657 0.000801 -0.000000 -0.160197 0.949096 -0.271208 16.254000 -0.045959 0.267287 0.962520 -0.165600 0.000000 0.000000 0.000000 1.000000
0.986192 0.165605 0.000096 0.000000 -0.159399 0.949387 -0.270659 16.254000 -0.044914 0.266907 0.962675 -0.165600 0.000000 0.000000 0.000000 1.000000
0.986376 0.164507 -0.000179 0.000000 -0.158425 0.949617 -0.270425 16.254000 -0.044317 0.266769 0.962741 -0.165600 0.000000 0.000000 0.000000 1.000000
0.986570 0.163338 -0.000062 -0.000000 -0.157301 0.950001 -0.269730 16.254000 -0.043998 0.266117 0.962936 -0.165600 0.000000 0.000000 0.000000 1.000000
0.986607 0.163117 -0.000143 0.000000 -0.157109 0.950028 -0.269746 16.254000 -0.043865 0.266155 0.962932 -0.165600 0.000000 0.000000 0.000000 1.000000
0.986669 0.162738 0.000006 0.000000 -0.156716 0.950165 -0.269492 16.254000 -0.043862 0.265898 0.963003 -0.165600 0.000000 0.000000 0.000000 1.000000
0.986622 0.163023 -0.000511 0.000000 -0.157116 0.950023 -0.269762 16.254000 -0.043492 0.266234 0.962927 -0.165600 0.000000 0.000000 0.000000 1.000000
0.986374 0.164510 -0.001583 0.000000 -0.158800 0.949540 -0.270473 16.254000 -0.042992 0.267039 0.962726 -0.165600 0.000000 0.000000 0.000000 1.000000
0.986178 0.165678 -0.001874 -0.000000 -0.160010 0.949385 -0.270306 16.254000 -0.043005 0.266870 0.962773 -0.165600 0.000000 0.000000 0.000000 1.000000
0.986144 0.165888 -0.001321 0.000000 -0.160018 0.949090 -0.271335 16.254000 -0.043757 0.267787 0.962484 -0.165600 0.000000 0.000000 0.000000 1.000000
0.986045 0.166476 -0.000346 0.000000 -0.160308 0.948947 -0.271664 16.254000 -0.044897 0.267929 0.962392 -0.165600 0.000000 0.000000 0.000000 1.000000
0.985831 0.167737 0.000870 0.000000 -0.161163 0.948606 -0.272347 16.254000 -0.046508 0.268348 0.962199 -0.165600 0.000000 0.000000 0.000000 1.000000
0.985509 0.169611 0.002040 0.000000 -0.162618 0.948161 -0.273031 16.254000 -0.048243 0.268743 0.962003 -0.165600 0.000000 0.000000 0.000000 1.000000
0.985275 0.170940 0.003595 -0.000000 -0.163456 0.947886 -0.273486 16.254000 -0.050157 0.268872 0.961869 -0.165600 0.000000 0.000000 0.000000 1.000000
0.985033 0.172289 0.005175 0.000000 -0.164315 0.947662 -0.273746 16.254000 -0.052067 0.268799 0.961788 -0.165600 0.000000 0.000000 0.000000 1.000000
0.984748 0.173863 0.006551 0.000000 -0.165458 0.947457 -0.273769 16.254000 -0.053805 0.268509 0.961773 -0.165600 0.000000 0.000000 0.000000 1.000000
0.984560 0.174863 0.008017 -0.000000 -0.165995 0.947207 -0.274308 16.254000 -0.055560 0.268742 0.961608 -0.165600 0.000000 0.000000 0.000000 1.000000
0.984317 0.176192 0.008774 0.000000 -0.167042 0.946885 -0.274784 16.254000 -0.056723 0.269008 0.961466 -0.165600 0.000000 0.000000 0.000000 1.000000
0.984096 0.177446 0.008243 0.000000 -0.168351 0.946452 -0.275476 16.254000 -0.056683 0.269707 0.961273 -0.165600 0.000000 0.000000 0.000000 1.000000
0.984188 0.176940 0.008180 0.000000 -0.167900 0.946626 -0.275151 16.254000 -0.056429 0.269427 0.961366 -0.165600 0.000000 0.000000 0.000000 1.000000
0.984398 0.175792 0.007644 0.000000 -0.166948 0.946832 -0.275022 16.254000 -0.055584 0.269454 0.961408 -0.165600 0.000000 0.000000 0.000000 1.000000
0.984688 0.174184 0.006990 0.000000 -0.165603 0.947198 -0.274577 16.254000 -0.054448 0.269215 0.961540 -0.165600 0.000000 0.000000 0.000000 1.000000
0.984875 0.173157 0.006136 0.000000 -0.164860 0.947406 -0.274305 16.254000 -0.053311 0.269145 0.961623 -0.165600 0.000000 0.000000 0.000000 1.000000
0.985052 0.172175 0.005402 -0.000000 -0.164129 0.947617 -0.274015 16.254000 -0.052298 0.269032 0.961710 -0.165600 0.000000 0.000000 0.000000 1.000000
0.985285 0.170841 0.005158 -0.000000 -0.162937 0.947956 -0.273552 16.254000 -0.051624 0.268687 0.961843 -0.165600 0.000000 0.000000 0.000000 1.000000
0.985467 0.169784 0.005237 -0.000000 -0.161936 0.948334 -0.272837 16.254000 -0.051289 0.268024 0.962046 -0.165600 0.000000 0.000000 0.000000 1.000000
0.985544 0.169332 0.005448 0.000000 -0.161459 0.948489 -0.272580 16.254000 -0.051324 0.267760 0.962118 -0.165600 0.000000 0.000000 0.000000 1.000000
0.985667 0.168648 0.004168 0.000000 -0.161156 0.948607 -0.272348 16.254000 -0.049885 0.267773 0.962190 -0.165600 0.000000 0.000000 0.000000 1.000000</float_array><technique_common><accessor source="#Spine1-Matrix-animation-output-transform-array" count="31" stride="16"><param type="float4x4"/></accessor></technique_common></source><source id="Spine1-Interpolations"><Name_array id="Spine1-Interpolations-array" count="31">
 LINEAR LINEAR LINEAR LINEAR LINEAR LINEAR LINEAR LINEAR LINEAR LINEAR LINEAR
LINEAR LINEAR LINEAR LINEAR LINEAR LINEAR LINEAR LINEAR LINEAR LINEAR LINEAR LINEAR
LINEAR LINEAR LINEAR LINEAR LINEAR LINEAR LINEAR LINEAR</Name_array><technique_common><accessor source="#Spine1-Interpolations-array" count="31"><param type="name"/></accessor></technique_common></source><sampler id="Spine1-Matrix-animation-transform"><input semantic="INPUT" source="#Spine1-Matrix-animation-input"/><input semantic="OUTPUT" source="#Spine1-Matrix-animation-output-transform"/><input semantic="INTERPOLATION" source="#Spine1-Interpolations"/></sampler><channel source="#Spine1-Matrix-animation-transform" target="Spine1/matrix"/></animation>
    <animation id="Spine2-anim" name="Spine2"><source id="Spine2-Matrix-animation-input"><float_array id="Spine2-Matrix-animation-input-array" count="31">

0.000000 0.033333 0.066667 0.100000 0.133333 0.166667 0.200000 0.233333 0.266667 0.300000 0.333333 0.366667 0.400000 0.433333 0.466667 0.500000
0.533333 0.566667 0.600000 0.633333 0.666667 0.700000 0.733333 0.766667 0.800000 0.833333 0.866667 0.900000 0.933333 0.966667 1.000000</float_array><technique_common><accessor source="#Spine2-Matrix-animation-input-array" count="31"><param name="TIME" type="float"/></accessor></technique_common></source><source id="Spine2-Matrix-animation-output-transform"><float_array id="Spine2-Matrix-animation-output-transform-array" count="496">

0.986092 0.163339 0.030721 -0.000000 -0.149013 0.950734 -0.271847 13.639600 -0.073611 0.263488 0.961850 -1.292300 0.000000 0.000000 0.000000 1.000000
0.986261 0.162570 0.029324 0.000000 -0.148660 0.950865 -0.271580 13.639600 -0.072034 0.263489 0.961969 -1.292300 0.000000 0.000000 0.000000 1.000000
0.986426 0.161810 0.027939 -0.000000 -0.148318 0.951010 -0.271259 13.639600 -0.070463 0.263433 0.962101 -1.292300 0.000000 0.000000 0.000000 1.000000
0.986531 0.161298 0.027197 0.000000 -0.148067 0.951233 -0.270615 13.639600 -0.069520 0.262943 0.962303 -1.292300 0.000000 0.000000 0.000000 1.000000
0.986707 0.160321 0.026597 0.000000 -0.147326 0.951520 -0.270008 13.639600 -0.068596 0.262500 0.962491 -1.292300 0.000000 0.000000 0.000000 1.000000
0.986876 0.159294 0.026482 0.000000 -0.146387 0.951750 -0.269709 13.639600 -0.068168 0.262292 0.962578 -1.292300 0.000000 0.000000 0.000000 1.000000
0.987036 0.158246 0.026786 0.000000 -0.145351 0.952127 -0.268938 13.639600 -0.068062 0.261559 0.962785 -1.292300 0.000000 0.000000 0.000000 1.000000
0.987084 0.157964 0.026709 -0.000000 -0.145096 0.952155 -0.268975 13.639600 -0.067919 0.261626 0.962777 -1.292300 0.000000 0.000000 0.000000 1.000000
0.987136 0.157598 0.026942 0.000000 -0.144699 0.952285 -0.268730 13.639600 -0.068008 0.261375 0.962839 -1.292300 0.000000 0.000000 0.000000 1.000000
0.987115 0.157822 0.026376 0.000000 -0.145040 0.952138 -0.269068 13.639600 -0.067579 0.261775 0.962760 -1.292300 0.000000 0.000000 0.000000 1.000000
0.986943 0.159125 0.024950 0.000000 -0.146611 0.951653 -0.269928 13.639600 -0.066696 0.262746 0.962557 -1.292300 0.000000 0.000000 0.000000 1.000000
0.986786 0.160195 0.024322 -0.000000 -0.147813 0.951488 -0.269855 13.639600 -0.066371 0.262694 0.962594 -1.292300 0.000000 0.000000 0.000000 1.000000
0.986719 0.160501 0.025016 0.000000 -0.147855 0.951193 -0.270871 13.639600 -0.067270 0.263575 0.962290 -1.292300 0.000000 0.000000 0.000000 1.000000
0.986582 0.161183 0.025985 0.000000 -0.148235 0.951044 -0.271185 13.639600 -0.068424 0.263695 0.962176 -1.292300 0.000000 0.000000 0.000000 1.000000
0.986333 0.162529 0.027048 0.000000 -0.149203 0.950705 -0.271843 13.639600 -0.069897 0.264092 0.961962 -1.292300 0.000000 0.000000 0.000000 1.000000
0.985987 0.164470 0.027927 -0.000000 -0.150792 0.950263 -0.272512 13.639600 -0.071358 0.264482 0.961747 -1.292300 0.000000 0.000000 0.000000 1.000000
0.985703 0.165931 0.029281 0.000000 -0.151814 0.949994 -0.272880 13.639600 -0.073096 0.264533 0.961602 -1.292300 0.000000 0.000000 0.000000 1.000000
0.985409 0.167420 0.030648 0.000000 -0.152873 0.949776 -0.273047 13.639600 -0.074823 0.264378 0.961512 -1.292300 0.000000 0.000000 0.000000 1.000000
0.985086 0.169106 0.031757 -0.000000 -0.154208 0.949571 -0.273011 13.639600 -0.076324 0.264042 0.961487 -1.292300 0.000000 0.000000 0.000000 1.000000
0.984853 0.170201 0.033106 -0.000000 -0.154870 0.949333 -0.273464 13.639600 -0.077973 0.264195 0.961312 -1.292300 0.000000 0.000000 0.000000 1.000000
0.984605 0.171521 0.033666 0.000000 -0.155955 0.949018 -0.273939 13.639600 -0.078936 0.264471 0.961158 -1.292300 0.000000 0.000000 0.000000 1.000000
0.984432 0.172650 0.032934 -0.000000 -0.157174 0.948592 -0.274715 13.639600 -0.078671 0.265262 0.960961 -1.292300 0.000000 0.000000 0.000000 1.000000
0.984520 0.172131 0.033031 0.000000 -0.156674 0.948769 -0.274390 13.639600 -0.078570 0.264968 0.961051 -1.292300 0.000000 0.000000 0.000000 1.000000
0.984738 0.170934 0.032744 0.000000 -0.155607 0.948981 -0.274266 13.639600 -0.077955 0.264985 0.961096 -1.292300 0.000000 0.000000 0.000000 1.000000
0.985035 0.169275 0.032425 0.000000 -0.154129 0.949347 -0.273834 13.639600 -0.077135 0.264738 0.961230 -1.292300 0.000000 0.000000 0.000000 1.000000
0.985251 0.168135 0.031797 -0.000000 -0.153213 0.949556 -0.273622 13.639600 -0.076198 0.264715 0.961311 -1.292300 0.000000 0.000000 0.000000 1.000000
0.985455 0.167033 0.031273 0.000000 -0.152307 0.949766 -0.273400 13.639600 -0.075369 0.264660 0.961392 -1.292300 0.000000 0.000000 0.000000 1.000000
0.985688 0.165642 0.031332 0.000000 -0.150986 0.950103 -0.272962 13.639600 -0.074982 0.264325 0.961514 -1.292300 0.000000 0.000000 0.000000 1.000000
0.985861 0.164554 0.031639 0.000000 -0.149910 0.950475 -0.272257 13.639600 -0.074873 0.263665 0.961704 -1.292300 0.000000 0.000000 0.000000 1.000000
0.985929 0.164078 0.031986 -0.000000 -0.149379 0.950630 -0.272008 13.639600 -0.075037 0.263403 0.961763 -1.292300 0.000000 0.000000 0.000000 1.000000
0.986092 0.163340 0.030696 0.000000 -0.149025 0.950746 -0.271796 13.639600 -0.073579 0.263442 0.961865 -1.292300 0.000000 0.000000 0.000000 1.000000</float_array><technique_common><accessor source="#Spine2-Matrix-animation-output-transform-array" count="31" stride="16"><param type="float4x4"/></accessor></technique_common></source><source id="Spine2-Interpolations"><Name_array id="Spine2-Interpolations-array" count="31">
 LINEAR LINEAR LINEAR LINEAR LINEAR LINEAR LINEAR LINEAR LINEAR LINEAR LINEAR
LINEAR LINEAR LINEAR LINEAR LINEAR LINEAR LINEAR LINEAR LINEAR LINEAR LINEAR LINEAR
LINEAR LINEAR LINEAR LINEAR LINEAR LINEAR LINEAR LINEAR</Name_array><technique_common><accessor source="#Spine2-Interpolations-array" count="31"><param type="name"/></accessor></technique_common></source><sampler id="Spine2-Matrix-animation-transform"><input semantic="INPUT" source="#Spine2-Matrix-animation-input"/><input semantic="OUTPUT" source="#Spine2-Matrix-animation-output-transform"/><input semantic="INTERPOLATION" source="#Spine2-Interpolations"/></sampler><channel source="#Spine2-Matrix-animation-transform" target="Spine2/matrix"/></animation>
    <animation id="Neck-anim" name="Neck"><source id="Neck-Matrix-animation-input"><float_array id="Neck-Matrix-animation-input-array" count="31">

0.000000 0.033333 0.066667 0.100000 0.133333 0.166667 0.200000 0.233333 0.266667 0.300000 0.333333 0.366667 0.400000 0.433333 0.466667 0.500000
0.533333 0.566667 0.600000 0.633333 0.666667 0.700000 0.733333 0.766667 0.800000 0.833333 0.866667 0.900000 0.933333 0.966667 1.000000</float_array><technique_common><accessor source="#Neck-Matrix-animation-input-array" count="31"><param name="TIME" type="float"/></accessor></technique_common></source><source id="Neck-Matrix-animation-output-transform"><float_array id="Neck-Matrix-animation-output-transform-array" count="496">

0.988858 -0.006744 0.148712 -0.000000 -0.017214 0.987093 0.159223 13.877400 -0.147867 -0.160009 0.975978 -4.354200 0.000000 0.000000 0.000000 1.000000
0.988966 -0.006819 0.147983 -0.000000 -0.017040 0.987074 0.159359 13.877400 -0.147156 -0.160122 0.976067 -4.354200 0.000000 0.000000 0.000000 1.000000
0.989084 -0.006910 0.147191 0.000000 -0.016841 0.987054 0.159504 13.877400 -0.146388 -0.160242 0.976162 -4.354200 0.000000 0.000000 0.000000 1.000000
0.989200 -0.006988 0.146404 0.000000 -0.016655 0.987035 0.159639 13.877400 -0.145622 -0.160354 0.976259 -4.354200 0.000000 0.000000 0.000000 1.000000
0.989308 -0.007077 0.145668 0.000000 -0.016465 0.987017 0.159771 13.877400 -0.144908 -0.160461 0.976347 -4.354200 0.000000 0.000000 0.000000 1.000000
0.989400 -0.007146 0.145037 0.000000 -0.016309 0.987001 0.159883 13.877400 -0.144294 -0.160553 0.976423 -4.354200 0.000000 0.000000 0.000000 1.000000
0.989468 -0.007200 0.144574 0.000000 -0.016192 0.986989 0.159969 13.877400 -0.143845 -0.160625 0.976477 -4.354200 0.000000 0.000000 0.000000 1.000000
0.989504 -0.007224 0.144324 -0.000000 -0.016133 0.986983 0.160013 13.877400 -0.143601 -0.160661 0.976507 -4.354200 0.000000 0.000000 0.000000 1.000000
0.989500 -0.007219 0.144351 0.000000 -0.016142 0.986984 0.160009 13.877400 -0.143627 -0.160659 0.976504 -4.354200 0.000000 0.000000 0.000000 1.000000
0.989449 -0.007187 0.144703 0.000000 -0.016221 0.986993 0.159942 13.877400 -0.143970 -0.160601 0.976463 -4.354200 0.000000 0.000000 0.000000 1.000000
0.989355 -0.007115 0.145350 0.000000 -0.016382 0.987010 0.159823 13.877400 -0.144599 -0.160503 0.976386 -4.354200 0.000000 0.000000 0.000000 1.000000
0.989226 -0.007023 0.146227 0.000000 -0.016595 0.987031 0.159672 13.877400 -0.145452 -0.160378 0.976280 -4.354200 0.000000 0.000000 0.000000 1.000000
0.989071 -0.006905 0.147281 0.000000 -0.016857 0.987057 0.159482 13.877400 -0.146476 -0.160222 0.976153 -4.354200 0.000000 0.000000 0.000000 1.000000
0.988894 -0.006776 0.148471 -0.000000 -0.017148 0.987088 0.159260 13.877400 -0.147633 -0.160037 0.976008 -4.354200 0.000000 0.000000 0.000000 1.000000
0.988705 -0.006645 0.149725 0.000000 -0.017449 0.987119 0.159035 13.877400 -0.148853 -0.159851 0.975854 -4.354200 0.000000 0.000000 0.000000 1.000000
0.988514 -0.006512 0.150992 0.000000 -0.017754 0.987150 0.158805 13.877400 -0.150086 -0.159661 0.975696 -4.354200 0.000000 0.000000 0.000000 1.000000
0.988328 -0.006378 0.152208 0.000000 -0.018051 0.987181 0.158580 13.877400 -0.151269 -0.159477 0.975543 -4.354200 0.000000 0.000000 0.000000 1.000000
0.988155 -0.006259 0.153332 0.000000 -0.018322 0.987209 0.158378 13.877400 -0.152362 -0.159311 0.975400 -4.354200 0.000000 0.000000 0.000000 1.000000
0.988004 -0.006149 0.154303 0.000000 -0.018562 0.987233 0.158197 13.877400 -0.153306 -0.159164 0.975276 -4.354200 0.000000 0.000000 0.000000 1.000000
0.987886 -0.006068 0.155065 0.000000 -0.018746 0.987252 0.158059 13.877400 -0.154047 -0.159051 0.975178 -4.354200 0.000000 0.000000 0.000000 1.000000
0.987809 -0.006013 0.155556 0.000000 -0.018867 0.987264 0.157969 13.877400 -0.154525 -0.158978 0.975114 -4.354200 0.000000 0.000000 0.000000 1.000000
0.987780 -0.005987 0.155738 0.000000 -0.018917 0.987269 0.157933 13.877400 -0.154701 -0.158949 0.975091 -4.354200 0.000000 0.000000 0.000000 1.000000
0.987809 -0.006010 0.155552 0.000000 -0.018868 0.987264 0.157965 13.877400 -0.154521 -0.158974 0.975116 -4.354200 0.000000 0.000000 0.000000 1.000000
0.987889 -0.006068 0.155042 -0.000000 -0.018742 0.987252 0.158059 13.877400 -0.154024 -0.159050 0.975182 -4.354200 0.000000 0.000000 0.000000 1.000000
0.988007 -0.006152 0.154288 0.000000 -0.018557 0.987233 0.158200 13.877400 -0.153291 -0.159166 0.975278 -4.354200 0.000000 0.000000 0.000000 1.000000
0.988151 -0.006252 0.153355 0.000000 -0.018332 0.987210 0.158368 13.877400 -0.152383 -0.159303 0.975398 -4.354200 0.000000 0.000000 0.000000 1.000000
0.988310 -0.006362 0.152323 0.000000 -0.018084 0.987183 0.158564 13.877400 -0.151380 -0.159465 0.975528 -4.354200 0.000000 0.000000 0.000000 1.000000
0.988472 -0.006479 0.151262 0.000000 -0.017823 0.987157 0.158757 13.877400 -0.150348 -0.159623 0.975662 -4.354200 0.000000 0.000000 0.000000 1.000000
0.988625 -0.006585 0.150256 -0.000000 -0.017582 0.987132 0.158941 13.877400 -0.149369 -0.159775 0.975787 -4.354200 0.000000 0.000000 0.000000 1.000000
0.988763 -0.006687 0.149343 -0.000000 -0.017356 0.987108 0.159110 13.877400 -0.148481 -0.159914 0.975900 -4.354200 0.000000 0.000000 0.000000 1.000000
0.988857 -0.006750 0.148712 0.000000 -0.017206 0.987094 0.159212 13.877400 -0.147868 -0.159997 0.975980 -4.354200 0.000000 0.000000 0.000000 1.000000</float_array><technique_common><accessor source="#Neck-Matrix-animation-output-transform-array" count="31" stride="16"><param type="float4x4"/></accessor></technique_common></source><source id="Neck-Interpolations"><Name_array id="Neck-Interpolations-array" count="31">
 LINEAR LINEAR LINEAR LINEAR LINEAR LINEAR LINEAR LINEAR LINEAR LINEAR LINEAR
LINEAR LINEAR LINEAR LINEAR LINEAR LINEAR LINEAR LINEAR LINEAR LINEAR LINEAR LINEAR
LINEAR LINEAR LINEAR LINEAR LINEAR LINEAR LINEAR LINEAR</Name_array><technique_common><accessor source="#Neck-Interpolations-array" count="31"><param type="name"/></accessor></technique_common></source><sampler id="Neck-Matrix-animation-transform"><input semantic="INPUT" source="#Neck-Matrix-animation-input"/><input semantic="OUTPUT" source="#Neck-Matrix-animation-output-transform"/><input semantic="INTERPOLATION" source="#Neck-Interpolations"/></sampler><channel source="#Neck-Matrix-animation-transform" target="Neck/matrix"/></animation>
    <animation id="Neck1-anim" name="Neck1"><source id="Neck1-Matrix-animation-input"><float_array id="Neck1-Matrix-animation-input-array" count="31">

0.000000 0.033333 0.066667 0.100000 0.133333 0.166667 0.200000 0.233333 0.266667 0.300000 0.333333 0.366667 0.400000 0.433333 0.466667 0.500000
0.533333 0.566667 0.600000 0.633333 0.666667 0.700000 0.733333 0.766667 0.800000 0.833333 0.866667 0.900000 0.933333 0.966667 1.000000</float_array><technique_common><accessor source="#Neck1-Matrix-animation-input-array" count="31"><param name="TIME" type="float"/></accessor></technique_common></source><source id="Neck1-Matrix-animation-output-transform"><float_array id="Neck1-Matrix-animation-output-transform-array" count="496">

1.000000 0.000000 -0.000000 0.000000 -0.000000 1.000000 0.000000 4.340000 0.000000 0.000000 1.000000 0.926900 0.000000 0.000000 0.000000 1.000000
1.000000 0.000000 0.000000 -0.000000 0.000000 1.000000 0.000000 4.340000 -0.000000 0.000000 1.000000 0.926900 0.000000 0.000000 0.000000 1.000000
1.000000 0.000000 0.000000 0.000000 -0.000000 1.000000 -0.000000 4.340000 -0.000000 -0.000000 1.000000 0.926900 0.000000 0.000000 0.000000 1.000000
1.000000 0.000000 0.000000 0.000000 0.000000 1.000000 0.000000 4.340000 0.000000 0.000000 1.000000 0.926900 0.000000 0.000000 0.000000 1.000000
1.000000 0.000000 0.000000 0.000000 0.000000 1.000000 0.000000 4.340000 -0.000000 -0.000000 1.000000 0.926900 0.000000 0.000000 0.000000 1.000000
1.000000 0.000000 0.000000 0.000000 0.000000 1.000000 0.000000 4.340000 0.000000 -0.000000 1.000000 0.926900 0.000000 0.000000 0.000000 1.000000
1.000000 0.000000 0.000000 0.000000 0.000000 1.000000 0.000000 4.340000 0.000000 -0.000000 1.000000 0.926900 0.000000 0.000000 0.000000 1.000000
1.000000 0.000000 0.000000 0.000000 -0.000000 1.000000 -0.000000 4.340000 0.000000 0.000000 1.000000 0.926900 0.000000 0.000000 0.000000 1.000000
1.000000 0.000000 0.000000 0.000000 0.000000 1.000000 0.000000 4.340000 -0.000000 0.000000 1.000000 0.926900 0.000000 0.000000 0.000000 1.000000
1.000000 0.000000 -0.000000 0.000000 0.000000 1.000000 0.000000 4.340000 0.000000 0.000000 1.000000 0.926900 0.000000 0.000000 0.000000 1.000000
1.000000 -0.000000 0.000000 0.000000 0.000000 1.000000 0.000000 4.340000 0.000000 0.000000 1.000000 0.926900 0.000000 0.000000 0.000000 1.000000
1.000000 -0.000000 -0.000000 0.000000 0.000000 1.000000 0.000000 4.340000 -0.000000 0.000000 1.000000 0.926900 0.000000 0.000000 0.000000 1.000000
1.000000 0.000000 -0.000000 -0.000000 0.000000 1.000000 -0.000000 4.340000 -0.000000 -0.000000 1.000000 0.926900 0.000000 0.000000 0.000000 1.000000
1.000000 0.000000 0.000000 0.000000 0.000000 1.000000 0.000000 4.340000 0.000000 -0.000000 1.000000 0.926900 0.000000 0.000000 0.000000 1.000000
1.000000 0.000000 0.000000 0.000000 0.000000 1.000000 0.000000 4.340000 0.000000 0.000000 1.000000 0.926900 0.000000 0.000000 0.000000 1.000000
1.000000 -0.000000 -0.000000 0.000000 0.000000 1.000000 0.000000 4.340000 0.000000 -0.000000 1.000000 0.926900 0.000000 0.000000 0.000000 1.000000
1.000000 -0.000000 -0.000000 0.000000 -0.000000 1.000000 -0.000000 4.340000 -0.000000 -0.000000 1.000000 0.926900 0.000000 0.000000 0.000000 1.000000
1.000000 -0.000000 0.000000 0.000000 0.000000 1.000000 0.000000 4.340000 0.000000 -0.000000 1.000000 0.926900 0.000000 0.000000 0.000000 1.000000
1.000000 0.000000 0.000000 0.000000 0.000000 1.000000 -0.000000 4.340000 0.000000 0.000000 1.000000 0.926900 0.000000 0.000000 0.000000 1.000000
1.000000 0.000000 0.000000 -0.000000 0.000000 1.000000 -0.000000 4.340000 -0.000000 -0.000000 1.000000 0.926900 0.000000 0.000000 0.000000 1.000000
1.000000 0.000000 0.000000 -0.000000 -0.000000 1.000000 0.000000 4.340000 -0.000000 0.000000 1.000000 0.926900 0.000000 0.000000 0.000000 1.000000
1.000000 0.000000 0.000000 0.000000 0.000000 1.000000 -0.000000 4.340000 0.000000 0.000000 1.000000 0.926900 0.000000 0.000000 0.000000 1.000000
1.000000 -0.000000 -0.000000 0.000000 0.000000 1.000000 0.000000 4.340000 0.000000 -0.000000 1.000000 0.926900 0.000000 0.000000 0.000000 1.000000
1.000000 0.000000 0.000000 0.000000 0.000000 1.000000 -0.000000 4.340000 -0.000000 0.000000 1.000000 0.926900 0.000000 0.000000 0.000000 1.000000
1.000000 0.000000 0.000000 0.000000 0.000000 1.000000 -0.000000 4.340000 0.000000 -0.000000 1.000000 0.926900 0.000000 0.000000 0.000000 1.000000
1.000000 0.000000 0.000000 -0.000000 0.000000 1.000000 -0.000000 4.340000 0.000000 0.000000 1.000000 0.926900 0.000000 0.000000 0.000000 1.000000
1.000000 -0.000000 0.000000 0.000000 -0.000000 1.000000 -0.000000 4.340000 0.000000 -0.000000 1.000000 0.926900 0.000000 0.000000 0.000000 1.000000
1.000000 -0.000000 -0.000000 -0.000000 0.000000 1.000000 0.000000 4.340000 0.000000 0.000000 1.000000 0.926900 0.000000 0.000000 0.000000 1.000000
1.000000 0.000000 0.000000 -0.000000 -0.000000 1.000000 0.000000 4.340000 -0.000000 -0.000000 1.000000 0.926900 0.000000 0.000000 0.000000 1.000000
1.000000 -0.000000 -0.000000 0.000000 -0.000000 1.000000 0.000000 4.340000 0.000000 -0.000000 1.000000 0.926900 0.000000 0.000000 0.000000 1.000000
1.000000 0.000000 -0.000000 -0.000000 0.000000 1.000000 -0.000000 4.340000 -0.000000 -0.000000 1.000000 0.926900 0.000000 0.000000 0.000000 1.000000</float_array><technique_common><accessor source="#Neck1-Matrix-animation-output-transform-array" count="31" stride="16"><param type="float4x4"/></accessor></technique_common></source><source id="Neck1-Interpolations"><Name_array id="Neck1-Interpolations-array" count="31">
 LINEAR LINEAR LINEAR LINEAR LINEAR LINEAR LINEAR LINEAR LINEAR LINEAR LINEAR
LINEAR LINEAR LINEAR LINEAR LINEAR LINEAR LINEAR LINEAR LINEAR LINEAR LINEAR LINEAR
LINEAR LINEAR LINEAR LINEAR LINEAR LINEAR LINEAR LINEAR</Name_array><technique_common><accessor source="#Neck1-Interpolations-array" count="31"><param type="name"/></accessor></technique_common></source><sampler id="Neck1-Matrix-animation-transform"><input semantic="INPUT" source="#Neck1-Matrix-animation-input"/><input semantic="OUTPUT" source="#Neck1-Matrix-animation-output-transform"/><input semantic="INTERPOLATION" source="#Neck1-Interpolations"/></sampler><channel source="#Neck1-Matrix-animation-transform" target="Neck1/matrix"/></animation>
    <animation id="Head-anim" name="Head"><source id="Head-Matrix-animation-input"><float_array id="Head-Matrix-animation-input-array" count="31">

0.000000 0.033333 0.066667 0.100000 0.133333 0.166667 0.200000 0.233333 0.266667 0.300000 0.333333 0.366667 0.400000 0.433333 0.466667 0.500000
0.533333 0.566667 0.600000 0.633333 0.666667 0.700000 0.733333 0.766667 0.800000 0.833333 0.866667 0.900000 0.933333 0.966667 1.000000</float_array><technique_common><accessor source="#Head-Matrix-animation-input-array" count="31"><param name="TIME" type="float"/></accessor></technique_common></source><source id="Head-Matrix-animation-output-transform"><float_array id="Head-Matrix-animation-output-transform-array" count="496">

0.825658 -0.012463 0.564034 0.000000 -0.188778 0.936024 0.297023 4.026600 -0.531651 -0.351716 0.770482 0.858500 0.000000 0.000000 0.000000 1.000000
0.827415 -0.012463 0.561452 0.000000 -0.188014 0.935913 0.297854 4.026600 -0.529183 -0.352010 0.772046 0.858500 0.000000 0.000000 0.000000 1.000000
0.829223 -0.012454 0.558780 0.000000 -0.187233 0.935798 0.298708 4.026600 -0.526625 -0.352317 0.773653 0.858500 0.000000 0.000000 0.000000 1.000000
0.831026 -0.012457 0.556095 0.000000 -0.186438 0.935680 0.299572 4.026600 -0.524058 -0.352629 0.775252 0.858500 0.000000 0.000000 0.000000 1.000000
0.832745 -0.012442 0.553518 0.000000 -0.185686 0.935568 0.300388 4.026600 -0.521591 -0.352927 0.776779 0.858500 0.000000 0.000000 0.000000 1.000000
